# Dollars held by UCRP portfolio at market open on each day of training set.
1.000000000000000000e+00
9.995002498750624742e-01
9.849190317615841295e-01
9.830357654627240871e-01
9.799110800091237472e-01
9.624870482419126683e-01
9.554450867871642217e-01
9.607126543846604694e-01
9.536129030693895059e-01
9.494756971410186486e-01
9.477877486850231348e-01
9.608863369627883566e-01
9.676742856488642630e-01
9.524175846746945062e-01
9.639223777746673827e-01
9.776251153472554911e-01
9.794938270439998984e-01
9.594015581948787119e-01
9.551742163981657985e-01
9.490621628091061579e-01
9.485063453850047788e-01
9.457897270140498414e-01
9.291860227339936440e-01
9.174189404467807396e-01
9.235283681286288182e-01
9.484216922845275510e-01
9.450170981117402835e-01
9.338411641981698708e-01
9.321515687998834787e-01
9.454379452468348877e-01
9.411028565380149535e-01
9.438510308819224592e-01
9.484057838749683222e-01
9.385181843392967904e-01
9.423881847137641765e-01
9.658936050358005732e-01
9.679447139331879280e-01
9.738302993067994295e-01
9.633670253701617225e-01
9.641269413035057356e-01
9.553183940981226918e-01
9.548553761781922722e-01
9.595548400033032665e-01
9.491361320754811981e-01
9.354514681779385610e-01
9.287377120843000045e-01
9.261586477125487438e-01
9.266481887296686981e-01
9.464437222420384321e-01
9.327874444775455798e-01
9.222922042234361628e-01
9.402942288516554781e-01
9.485661292961935498e-01
9.465448295488871899e-01
9.406402292329215653e-01
9.537544246257091407e-01
9.544215856360899197e-01
9.475092387611876443e-01
9.549710518942545745e-01
9.595916552351498874e-01
9.584346394930307600e-01
9.551837482360482356e-01
9.504037956706965495e-01
9.452721279726592485e-01
9.519751621897571958e-01
9.459283806287521745e-01
9.477156286214596381e-01
9.642631040179012736e-01
9.765874951282256244e-01
9.784882079830259372e-01
9.799422097154252276e-01
9.751514242539464083e-01
9.762606351176721375e-01
9.698694761036587009e-01
9.704417009128593063e-01
9.706953736293730817e-01
9.769329991772301991e-01
9.808804389925041001e-01
9.813797245139296299e-01
9.845191469515417459e-01
9.899512541536410470e-01
9.926488698696359636e-01
9.798192938140266595e-01
9.743649650229605497e-01
9.786806164988386403e-01
9.780727821895618401e-01
9.905512699178546931e-01
9.970761176792100056e-01
9.934156933016845548e-01
9.964849709793774934e-01
9.975477333675886182e-01
9.945578835167397935e-01
9.992177598230548297e-01
9.942433883152985707e-01
9.897542556221453625e-01
9.992338243915032114e-01
1.007451673997538766e+00
1.008505098702523917e+00
1.010138749283008730e+00
1.006484707364246889e+00
1.002321500642941121e+00
1.001626585328607710e+00
1.015813116111522696e+00
1.022752590765890979e+00
1.019128853246134447e+00
1.022308941892977607e+00
1.026067421325549844e+00
1.022949548853641755e+00
1.034563824462929826e+00
1.036564688340097629e+00
1.043378310488662475e+00
1.036949498854447205e+00
1.036389686844761071e+00
1.037998872649418924e+00
1.035002741703605844e+00
1.041764697451613930e+00
1.044504375280024044e+00
1.047615921682291562e+00
1.055514374285419832e+00
1.045870936724602629e+00
1.048041156741366775e+00
1.047489153125391370e+00
1.038561161598375415e+00
1.037977504253969174e+00
1.036526664302995782e+00
1.048887888367136867e+00
1.051328734081659722e+00
1.055257295057771882e+00
1.051541522765153669e+00
1.055501255578291220e+00
1.059579981349915601e+00
1.067330781946857154e+00
1.072441710200028542e+00
1.074405011154979439e+00
1.074166050232901348e+00
1.074865199000327287e+00
1.079358723531061326e+00
1.084488155533048337e+00
1.082034090242123714e+00
1.064785719758245097e+00
1.067863053337320789e+00
1.079575821859480866e+00
1.082764760845009278e+00
1.078978451243273629e+00
1.091055648524723365e+00
1.095886852204574602e+00
1.096248032272219675e+00
1.091239316700034712e+00
1.092702361430665237e+00
1.093576209048195080e+00
1.090537597133422798e+00
1.090908640577670008e+00
1.099603850742120636e+00
1.098508975383223341e+00
1.090903500065414811e+00
1.093561131845299128e+00
1.093054571740662784e+00
1.087437306047146723e+00
1.082965425145123062e+00
1.086991334054337122e+00
1.095212304448084373e+00
1.093299310225530396e+00
1.087753291062518057e+00
1.087159685618824811e+00
1.088357835146384733e+00
1.080405472435479686e+00
1.083730297935109999e+00
1.085159164981780444e+00
1.089433983793369531e+00
1.098334618402336149e+00
1.104025864185722572e+00
1.104826335227013567e+00
1.105266562711563871e+00
1.098854473760679351e+00
1.104433876649780766e+00
1.098843799067352300e+00
1.105915131837220455e+00
1.115686287049183489e+00
1.103374798331756113e+00
1.104091909645323888e+00
1.105418656222962426e+00
1.112962899286687124e+00
1.121745034078226899e+00
1.130914540201188867e+00
1.134352521967165295e+00
1.133716976564134171e+00
1.136894036410957654e+00
1.141265586834257384e+00
1.142178446470973441e+00
1.133425965073095565e+00
1.128914946601599079e+00
1.138326605909233624e+00
1.148834558119621319e+00
1.151675140102248474e+00
1.152397380280984374e+00
1.158112006997167098e+00
1.159047837559196825e+00
1.159392204331855636e+00
1.157771901686243554e+00
1.155573142486000071e+00
1.116101814489810273e+00
1.121282139918241771e+00
1.117907465159718505e+00
1.102180316148114070e+00
1.088673643934459534e+00
1.106887897725806313e+00
1.105710946508003500e+00
1.115620779471490742e+00
1.118172000484757511e+00
1.122293196686119598e+00
1.099404644917815199e+00
1.105953133464169014e+00
1.111858584547859685e+00
1.107651486223985238e+00
1.120414557655526222e+00
1.127948957369853344e+00
1.145741004589368783e+00
1.145592876674660587e+00
1.148544269036613663e+00
1.147635193726722180e+00
1.140811913260907584e+00
1.132772758528489021e+00
1.135356414937859659e+00
1.135407237813033321e+00
1.140850844147302201e+00
1.151645416443574099e+00
1.152683784480324825e+00
1.156371216945469627e+00
1.157397452065406229e+00
1.160396784843272355e+00
1.153215602402680062e+00
1.161136190178465588e+00
1.164301145530981962e+00
1.176190087942422080e+00
1.177582731025750729e+00
1.177726009983433242e+00
1.174302969504367633e+00
1.184824470324360002e+00
1.186063155882652431e+00
1.186929193879115330e+00
1.198729899412165789e+00
1.199790787904753131e+00
1.198037227115715808e+00
1.184123158635128403e+00
1.186583436454809570e+00
1.198356268847192485e+00
1.203634601934085335e+00
1.206169035183423999e+00
1.208887160472721600e+00
1.207245470545371679e+00
1.213470404932677660e+00
1.195769995937784325e+00
1.207134785019951861e+00
1.204117725815977646e+00
1.200706120778264774e+00
1.208648180589993348e+00
1.208125156580055481e+00
1.216621631105085255e+00
1.220302491486088492e+00
1.221173376395540133e+00
1.218344854149912448e+00
1.202698923647850693e+00
1.210281228600045722e+00
1.214241522813698015e+00
1.226965654113825188e+00
1.230582844292738676e+00
1.235815869694486979e+00
1.239295244304262411e+00
1.231409263501271223e+00
1.218822026422861082e+00
1.194569667788125900e+00
1.208605812325216133e+00
1.209433149605992464e+00
1.196514823681869011e+00
1.216075906247587213e+00
1.221775240471043578e+00
1.230824530061402244e+00
1.228510885739477310e+00
1.230020275475161018e+00
1.215230279099244637e+00
1.223775519651352450e+00
1.211250353310091343e+00
1.205566702702648874e+00
1.199475806293297531e+00
1.211948301322592458e+00
1.211206568564111796e+00
1.210086344799386371e+00
1.224947391386808304e+00
1.227806480664310751e+00
1.229330006294910627e+00
1.235959488604654544e+00
1.237362747823876674e+00
1.219678309372401737e+00
1.226324021829656497e+00
1.247001428303871284e+00
1.252328887804905255e+00
1.246890878243003264e+00
1.246262845160881261e+00
1.245057703546776695e+00
1.252976187573817457e+00
1.237374308645509347e+00
1.239086581186857217e+00
1.212531682357067098e+00
1.213484442536076902e+00
1.185016909000976781e+00
1.166488895569005146e+00
1.182064567557617796e+00
1.168869685753412435e+00
1.175648156205364003e+00
1.182943626064869580e+00
1.148938892655205990e+00
1.172343541309069037e+00
1.181190437882349897e+00
1.196396793959614513e+00
1.163265194705300987e+00
1.166361477369719069e+00
1.168921095110451835e+00
1.144619217915460840e+00
1.124308967370581724e+00
1.124224272625714782e+00
1.150687476425379163e+00
1.153645340828836741e+00
1.156667282264982388e+00
1.173481934632874424e+00
1.169802367590214276e+00
1.185534809940936407e+00
1.173344291512444348e+00
1.143917812443722148e+00
1.171930461011244207e+00
1.167615319659982998e+00
1.182273873399077635e+00
1.195238971848898268e+00
1.181947800003250171e+00
1.187980743497435210e+00
1.166018606331863827e+00
1.161094425894481308e+00
1.176583379783949557e+00
1.176290473614082899e+00
1.183956640076106792e+00
1.186268203001416222e+00
1.179747064366870157e+00
1.216617840021052999e+00
1.225419703485302270e+00
1.215773305417817918e+00
1.220931103710056309e+00
1.214051205159773827e+00
1.213093531132405589e+00
1.221657314842680808e+00
1.227820000573597747e+00
1.224373323369518429e+00
1.241623184168428651e+00
1.243423359687095386e+00
1.238750479004474325e+00
1.240970403125765786e+00
1.257507901399722572e+00
1.253684203121536056e+00
1.264598119587729164e+00
1.263340436759686547e+00
1.254333990392883624e+00
1.260894864401926441e+00
1.248913161411164596e+00
1.240230858326558661e+00
1.242126966176897884e+00
1.244019207096178636e+00
1.212370929108098627e+00
1.220704187036744992e+00
1.231761384261481407e+00
1.228919568708318533e+00
1.229366732572654941e+00
1.244091795090086050e+00
1.249928568322977274e+00
1.243004451486388051e+00
1.260249103504660795e+00
1.228731461027252614e+00
1.231456512247193213e+00
1.224397953956910090e+00
1.239015102403841606e+00
1.206317630525562956e+00
1.210473548655583320e+00
1.193489391001544719e+00
1.177468364204784734e+00
1.209967028290821700e+00
1.201312297538145613e+00
1.187560446397185610e+00
1.191993095220114984e+00
1.169569075375600065e+00
1.172621005853066611e+00
1.156926959160020418e+00
1.176095018943807968e+00
1.152546923327624873e+00
1.168248602186649610e+00
1.204766427682944618e+00
1.202849991934209051e+00
1.211829096779989845e+00
1.207267719538557493e+00
1.201528268028964508e+00
1.219473668580361991e+00
1.239307133086380741e+00
1.239816638068886423e+00
1.249994738829672825e+00
1.212639072036923782e+00
1.220284444656237310e+00
1.220457013598805318e+00
1.202163712490020631e+00
1.183320019871272999e+00
1.191823562744720899e+00
1.190802447197302438e+00
1.198881164730473126e+00
1.218757688207847689e+00
1.230129114409805879e+00
1.229296857594156300e+00
1.211805258195658874e+00
1.213465466890309763e+00
1.207516062056244843e+00
1.187813841996115283e+00
1.182662153452792353e+00
1.149368812723744249e+00
1.150887962322545199e+00
1.127080543583418581e+00
1.137683001571720087e+00
1.150696939232218607e+00
1.133019620295010910e+00
1.145940243707634254e+00
1.117587380422608190e+00
1.117355290088824615e+00
1.085137263266743757e+00
1.082611949042320054e+00
1.076462380437992916e+00
1.104807216028356187e+00
1.117862785347086385e+00
1.105440482824490811e+00
1.127310516405012342e+00
1.136298237938125233e+00
1.129839160255552422e+00
1.150644554537178621e+00
1.175758606871300183e+00
1.165114756289051812e+00
1.128581203204002348e+00
1.120592797177407007e+00
1.131493170304582518e+00
1.129071039150969069e+00
1.138405948981176641e+00
1.143905388010005630e+00
1.159709512801747611e+00
1.142925789865556041e+00
1.143940618923276586e+00
1.143599552473083536e+00
1.156602102427412015e+00
1.140156884699499829e+00
1.150783872617952230e+00
1.169311144354135967e+00
1.179600430945243694e+00
1.176771157618661912e+00
1.163468594294254421e+00
1.128993275384342798e+00
1.130611715544630691e+00
1.127323751057246692e+00
1.135779222549412548e+00
1.107974782231684996e+00
1.098346394645714375e+00
1.078235900105193323e+00
1.118618009845693928e+00
1.110208486974742392e+00
1.118771306021631329e+00
1.096555452896021521e+00
1.079127312381086723e+00
1.123942011898484639e+00
1.097314564505063039e+00
1.121608593755210714e+00
1.145297512283225849e+00
1.151427925381817596e+00
1.139965053298874098e+00
1.127237392723077658e+00
1.116447258462731407e+00
1.125302684414823728e+00
1.167539441197820160e+00
1.170017345491563443e+00
1.173580992378964183e+00
1.176470581210736333e+00
1.175954614616304017e+00
1.171771004681395167e+00
1.158939625826445718e+00
1.164948705680753038e+00
1.144029136711115724e+00
1.140283747298758144e+00
1.145852610601448829e+00
1.174894521458182295e+00
1.175698630480632279e+00
1.195726214770086226e+00
1.193360136565278617e+00
1.176974413547660081e+00
1.183056630183734415e+00
1.192620338040599970e+00
1.205133787912731513e+00
1.205202482656926533e+00
1.201905980156773301e+00
1.194330968363864098e+00
1.217905035111145784e+00
1.221980841697707154e+00
1.217247979706978844e+00
1.228778380783066115e+00
1.208775255724744424e+00
1.213981978906603976e+00
1.209544117522370010e+00
1.225619160054274959e+00
1.228891204592686304e+00
1.236214239847291951e+00
1.250755233255610888e+00
1.251220050726349342e+00
1.249429109974264707e+00
1.239504579078542168e+00
1.219019076030990689e+00
1.223008417366864053e+00
1.207390848830411478e+00
1.217980383603932459e+00
1.226382388019043645e+00
1.234340616805083446e+00
1.238471291222015713e+00
1.225286659107033271e+00
1.221988930980246302e+00
1.223885638346689841e+00
1.246130812866822479e+00
1.206695854265485535e+00
1.205609880761234320e+00
1.201103789143196821e+00
1.177002542865691170e+00
1.182480656946875319e+00
1.202988666499653414e+00
1.206094600054930410e+00
1.195856528048977241e+00
1.180879932144880629e+00
1.188710574164167033e+00
1.166520170878303952e+00
1.162080670584075381e+00
1.156217043710951131e+00
1.166106745197211803e+00
1.132052264915278883e+00
1.128306881342778567e+00
1.124757202668828171e+00
1.127258615793613750e+00
1.105033266942371473e+00
1.100293148562029977e+00
1.091652889919742853e+00
1.116329972500242906e+00
1.091205387214757794e+00
1.094230273349917626e+00
1.082875120064835439e+00
1.071349929285462910e+00
1.063815508808010124e+00
1.098750170276729499e+00
1.117895218070107610e+00
1.117092423073441587e+00
1.116601597249794020e+00
1.133810787991241131e+00
1.139803541762528738e+00
1.107363755862289301e+00
1.111223548333235334e+00
1.093027235618660109e+00
1.122864273452185424e+00
1.138576364274832997e+00
1.126362272159867617e+00
1.119726248793128764e+00
1.109000121080323309e+00
1.141536613875222983e+00
1.146796089305044397e+00
1.127374264497951861e+00
1.158023782188443596e+00
1.170097343299773884e+00
1.155347644878874647e+00
1.153607720924620939e+00
1.164951316939774051e+00
1.171304815076553929e+00
1.152248721472208803e+00
1.138311200427764014e+00
1.143729757715954642e+00
1.144343494390805960e+00
1.158531013641012519e+00
1.134722824067084579e+00
1.138221338655245329e+00
1.150085092815224197e+00
1.169394682186858159e+00
1.155805344113069344e+00
1.153057681511458821e+00
1.148881634352385328e+00
1.114722784812709255e+00
1.122263176166793608e+00
1.144337082130363781e+00
1.101122642211659342e+00
1.110558509788499570e+00
1.125389291057389496e+00
1.133007380592309543e+00
1.082434644152668657e+00
1.098452008018933057e+00
1.046973969824740891e+00
1.094872293467405111e+00
1.141407936355967712e+00
1.092297352667839672e+00
1.075730610455926328e+00
1.072225881386248858e+00
1.088432770269126992e+00
1.087303481186349785e+00
9.942894457714708256e-01
1.044467682879411052e+00
1.034694625549055447e+00
9.810479775788650825e-01
9.650177250940765727e-01
9.256935791193307006e-01
8.712325743113691345e-01
8.611742866384392014e-01
7.947367275897265770e-01
7.871053176153152142e-01
8.834789309661595924e-01
8.789701138920573698e-01
7.911886303459056968e-01
8.232015245032209272e-01
8.219214008362100143e-01
8.613839208955452742e-01
8.328702914674551705e-01
7.778634256588475848e-01
7.714185766633708807e-01
7.451884353479176770e-01
7.178738516945630810e-01
7.947713456235787621e-01
7.961250462802927919e-01
8.237571651023681829e-01
8.433347663044102882e-01
8.432521195081109644e-01
8.798374239140340780e-01
8.330946992431550457e-01
7.862335582487962604e-01
8.079753085324500317e-01
7.913501585203651656e-01
7.676119173653644934e-01
7.208684959959507088e-01
7.784491451282159469e-01
7.404822949887674977e-01
7.179755458002015089e-01
7.180928162306925433e-01
6.641180142691454069e-01
6.134725638905144107e-01
6.556523531520451753e-01
7.142910337751277039e-01
7.249459914143628891e-01
7.616261753261401868e-01
7.693781679902337300e-01
6.926167616450109588e-01
7.229658613160773184e-01
7.435426580583079925e-01
7.194976476811352217e-01
7.553973841345065221e-01
7.890016211298751525e-01
7.739705623213739560e-01
7.910665255198704449e-01
7.610392634943810020e-01
7.711240207353904363e-01
7.566925855458316308e-01
8.048032154869992905e-01
8.056716154958055709e-01
7.875003987597668509e-01
7.938677804099284474e-01
7.711895108005807353e-01
7.626219131064722045e-01
7.673780165259218577e-01
7.734519324992302769e-01
7.673680233386904748e-01
7.920782472718953526e-01
8.082188439042879979e-01
8.398850752000006636e-01
8.423105971519851964e-01
8.584102607395994733e-01
8.295327511702546008e-01
8.368689355436079724e-01
8.165097995833746625e-01
7.917399090413133056e-01
7.934879588595481481e-01
7.618926602372161350e-01
7.690390142915849436e-01
7.788703673527502813e-01
7.291593194097537589e-01
7.654623114411985840e-01
7.489263381783314300e-01
7.569697315813475047e-01
7.605408779885884929e-01
7.713081824581295987e-01
8.062834323377386925e-01
7.738374419246524250e-01
7.511169446329760691e-01
7.480154171410337005e-01
7.593066867585148705e-01
7.561643952904044674e-01
7.721156867756018283e-01
7.993616360756170547e-01
8.014680976164720860e-01
7.566270005129271947e-01
7.648442989212623777e-01
7.670918135028605978e-01
7.589991743823144565e-01
7.190351710629423465e-01
7.156530480215412826e-01
7.030540121512910412e-01
6.980229002417271955e-01
6.706945795068161020e-01
7.066753805755338069e-01
6.983274167332307325e-01
6.874640784567064289e-01
6.725371883109092508e-01
6.329634130131589487e-01
6.283306436106971260e-01
6.487701675134311952e-01
6.144186487495003623e-01
6.114770401163476254e-01
6.070702342120314343e-01
6.556485886557029685e-01
6.600459824440852996e-01
6.908801016256952421e-01
6.965589158687552906e-01
6.931680643594471114e-01
7.180933140393286340e-01
7.425325981689251398e-01
7.347328256750719211e-01
7.139794410991509022e-01
7.729482629918397185e-01
7.576640951578665906e-01
7.646426389461254969e-01
7.902098027412133296e-01
7.720619362080054504e-01
7.378312907897300876e-01
7.505410566159764763e-01
7.634895057777479899e-01
7.967525995060257271e-01
8.112113390680317782e-01
8.029052611450053778e-01
7.789998293692588227e-01
7.939834856093028748e-01
8.378048008884854125e-01
8.420558077104322026e-01
8.229686172169883296e-01
8.362174454465203244e-01
8.558638693897058225e-01
8.662626051905067959e-01
8.196846922172469352e-01
8.443289264238239555e-01
8.454565995413572121e-01
8.533523288785899163e-01
8.737486296269082464e-01
8.590629759682038014e-01
8.559809419788924068e-01
8.804347962055084631e-01
8.847186836762078732e-01
8.902549609762409055e-01
9.291111739390975899e-01
9.267073886428456309e-01
9.426456704002189602e-01
9.235723672305974352e-01
9.527343761259631227e-01
9.291349382964678716e-01
9.212470855193547470e-01
8.861493029502932606e-01
9.001816068576222740e-01
8.899447229493954170e-01
9.232471568639218917e-01
9.259087486754660201e-01
9.207343520413459048e-01
9.025501963119104687e-01
9.024541793636162712e-01
9.310941704920059347e-01
9.136044430709616693e-01
9.261744273868171007e-01
9.420665042055065275e-01
9.759997646637693647e-01
9.771501257576146182e-01
9.583601440396455340e-01
9.725937337473430366e-01
9.697485130294805078e-01
9.670608731517361667e-01
9.749205066621895455e-01
9.714854672932798918e-01
9.767381080260225668e-01
9.763732787806793656e-01
9.497255406177578241e-01
9.346878531838290760e-01
9.319619625790523942e-01
9.385808253341042517e-01
9.428877401489001997e-01
9.086657204049475300e-01
9.100028264142235868e-01
9.197004552459349114e-01
9.423270432693714449e-01
9.419632438972637134e-01
9.497167248849458510e-01
9.422869411886203306e-01
9.473904271985730263e-01
9.152189285753942194e-01
9.150653645016753046e-01
8.935351919719980440e-01
8.909991212450577569e-01
8.973664485453316519e-01
8.952529665065190878e-01
9.179370724184728880e-01
9.256544683602820900e-01
9.556888626175819024e-01
9.669273614893715285e-01
9.647068034179759888e-01
9.814412243394438073e-01
9.812143343994442768e-01
9.838525620946731998e-01
1.012743916379744480e+00
1.019020417630197795e+00
1.024149517397438869e+00
1.021704281011587723e+00
1.015070438369359396e+00
1.031440915065549024e+00
1.033192693545524232e+00
1.053715708048357236e+00
1.059403886410317019e+00
1.058481784975839446e+00
1.052474077689347531e+00
1.075109364156658920e+00
1.069291291355554563e+00
1.056395712300752354e+00
1.071068520150780135e+00
1.080514084003869169e+00
1.067130574886918426e+00
1.037825639427658597e+00
1.050985659797758709e+00
1.057620144936594064e+00
1.070418827597473976e+00
1.092558080929561193e+00
1.089124882648605519e+00
1.093817863180948535e+00
1.093827962573295398e+00
1.098442812538271474e+00
1.099739292652990086e+00
1.087260106410997906e+00
1.059835058435445232e+00
1.057414722207057789e+00
1.070068793009298691e+00
1.084561996752307467e+00
1.097300962123328061e+00
1.110062575516867378e+00
1.123759458068486206e+00
1.123968026965039613e+00
1.134842256685149486e+00
1.144153864841705115e+00
1.165424393811852255e+00
1.158555256487579843e+00
1.162292330462685097e+00
1.158092368680608830e+00
1.166786734412718296e+00
1.151948902651201090e+00
1.134828322648274490e+00
1.127506038453577553e+00
1.150527195721743334e+00
1.150876481346762681e+00
1.147713338134111805e+00
1.113988238562630073e+00
1.105526753413579089e+00
1.126777111010077714e+00
1.141815624548048413e+00
1.144577361042515173e+00
1.158142860402537444e+00
1.165090592033810379e+00
1.168836788917325897e+00
1.165496569295210616e+00
1.187813670146762757e+00
1.193162139330623983e+00
1.182968686784011680e+00
1.196798710149345357e+00
1.187218370686493163e+00
1.176216562372177643e+00
1.192400764291892568e+00
1.174117711922247231e+00
1.159305106860951451e+00
1.148604371490859144e+00
1.117646808915021550e+00
1.147884885531664123e+00
1.114122740348556517e+00
1.120892867055183428e+00
1.128790646373196260e+00
1.127935421923523807e+00
1.152010063191117206e+00
1.153580096016179724e+00
1.182888228061817593e+00
1.180488150206633780e+00
1.187244621391466026e+00
1.172694744158036650e+00
1.181789187478352599e+00
1.202078719718087552e+00
1.200699378607224865e+00
1.198083030979487873e+00
1.178149870592001047e+00
1.173333317610786741e+00
1.187687058905445570e+00
1.185938595677171747e+00
1.195575166804528244e+00
1.171887089411090654e+00
1.176078055448340320e+00
1.192711042740967287e+00
1.198027929495916633e+00
1.185777499539128144e+00
1.197404154858632053e+00
1.196872045501353732e+00
1.185715288618754082e+00
1.188843484702278408e+00
1.197515305406866792e+00
1.204612190537685645e+00
1.219861609329256469e+00
1.214051368198228342e+00
1.219305121762536803e+00
1.205305624715388824e+00
1.211870490048997384e+00
1.226719100310533550e+00
1.233717019146712612e+00
1.240006138989639961e+00
1.247351525651519966e+00
1.246566137256962081e+00
1.244332027720422618e+00
1.244132468420539928e+00
1.230683366585592742e+00
1.250101153594810999e+00
1.255510544874913759e+00
1.260786268386737907e+00
1.266822727591489173e+00
1.271070536499004699e+00
1.272964532685878503e+00
1.257813377100188923e+00
1.271202943785045170e+00
1.272812910936490960e+00
1.258183991670332347e+00
1.275237906455357173e+00
1.262261873305113413e+00
1.240770067889318540e+00
1.212844228383719969e+00
1.218413073293947324e+00
1.213634800024556482e+00
1.218327214041465822e+00
1.204379891921316004e+00
1.190340060661585930e+00
1.211217502708283877e+00
1.228690292831537967e+00
1.220245843300213684e+00
1.179062978369482151e+00
1.182780379152408745e+00
1.174143477809896474e+00
1.191523928412245192e+00
1.188069900711722804e+00
1.202069026318638656e+00
1.200357754642316088e+00
1.224451875257559941e+00
1.230763493342613257e+00
1.239018443256696411e+00
1.244336549904167422e+00
1.242633177275218603e+00
1.225323584811933708e+00
1.237146635400892647e+00
1.237920461201839073e+00
1.239902671691327729e+00
1.257495339924968647e+00
1.262460124769489989e+00
1.263839022849998495e+00
1.268292946037061997e+00
1.288858523347271801e+00
1.289527987132494280e+00
1.291107688391544217e+00
1.298804142980086951e+00
1.303885105578814541e+00
1.304584765431163529e+00
1.302951549935716047e+00
1.315805452091715289e+00
1.325833388650430544e+00
1.322339735175264597e+00
1.313179053171986910e+00
1.323131329781758625e+00
1.333254543718433993e+00
1.324796914955367999e+00
1.318875388318427655e+00
1.320657387554623474e+00
1.331283659835517996e+00
1.332868321642658005e+00
1.327884152622870406e+00
1.340170873226605330e+00
1.356326181937775210e+00
1.360094046641766585e+00
1.351466947838181554e+00
1.353512689450435680e+00
1.363266290130880742e+00
1.366042383745078359e+00
1.367847510500537211e+00
1.384613435564220119e+00
1.385050974998672135e+00
1.363012037518886554e+00
1.364934153215434431e+00
1.381968175645408303e+00
1.383847896132004651e+00
1.396321820756373233e+00
1.409001619037084874e+00
1.403221606914738517e+00
1.366584972678916099e+00
1.374705312729817885e+00
1.394749441088341424e+00
1.368990392098366149e+00
1.389049306060933686e+00
1.352278979661732272e+00
1.342647023337670387e+00
1.299677050701291803e+00
1.273872387167671150e+00
1.336568650683712445e+00
1.332548959944385158e+00
1.357218897331186724e+00
1.340419522294881371e+00
1.311527825190414553e+00
1.314303855074204774e+00
1.294200056115323960e+00
1.285200591819588789e+00
1.232355025619197519e+00
1.255188260938713274e+00
1.239228459472088817e+00
1.241798758487340448e+00
1.239578275489682024e+00
1.285515905279777549e+00
1.269251679526236076e+00
1.238335305207239223e+00
1.273787489182354182e+00
1.281981053461247910e+00
1.231296870198814286e+00
1.210928264496493156e+00
1.222821361174364796e+00
1.220439641618577431e+00
1.262653650604842914e+00
1.270829540924587997e+00
1.271753370377141090e+00
1.304891888877207862e+00
1.302291565253216543e+00
1.301937019680677876e+00
1.302154278478183214e+00
1.296337501626334543e+00
1.270070254876531246e+00
1.268578289897847267e+00
1.244379701514546577e+00
1.253651223866412812e+00
1.249436039798125453e+00
1.204552237985563989e+00
1.192032466735760465e+00
1.189619866929036540e+00
1.181771822057021026e+00
1.185083524249473053e+00
1.225829982808756213e+00
1.238185643587181195e+00
1.249270219894622391e+00
1.246265205252545138e+00
1.269555237766869960e+00
1.267586305973004146e+00
1.269103037914753429e+00
1.229945978192252598e+00
1.239162130757957003e+00
1.257830205481854202e+00
1.239133668924874199e+00
1.270004166863802464e+00
1.285064440014467735e+00
1.302877714948637244e+00
1.295279915259401449e+00
1.284183701455739124e+00
1.278662221795298537e+00
1.280663818034633916e+00
1.308866618084239875e+00
1.298414893027857397e+00
1.310031063888487779e+00
1.308101172876698026e+00
1.302578388502181550e+00
1.312486204262787171e+00
1.301952014500772137e+00
1.261890817556176270e+00
1.254621790561677885e+00
1.250051325268324742e+00
1.249628176987389150e+00
1.270068382867462820e+00
1.272745273337559491e+00
1.249513430899259259e+00
1.246493780442732069e+00
1.239645856465260820e+00
1.219967284238389071e+00
1.225694077207300392e+00
1.216747969939266483e+00
1.240699560548135683e+00
1.219931138958290306e+00
1.218815765622034419e+00
1.259266890886352241e+00
1.276166531949530558e+00
1.294287583195388613e+00
1.276545251695068384e+00
1.285461251696983886e+00
1.290066207754054339e+00
1.296900081262460258e+00
1.314233657116330223e+00
1.314175738310099373e+00
1.318142705798712067e+00
1.315468434215747662e+00
1.317872039097756964e+00
1.340628244267484170e+00
1.334469169386330867e+00
1.325569050006161431e+00
1.315024360139163795e+00
1.347945774937654440e+00
1.340515464880819074e+00
1.351253694570834663e+00
1.350446704389389296e+00
1.347321784806103651e+00
1.352485550122579427e+00
1.340666090249199360e+00
1.370076617292644405e+00
1.365092568830553743e+00
1.363608495123929787e+00
1.375001645034060305e+00
1.376891092536998151e+00
1.381373401256748457e+00
1.393072717555885687e+00
1.385780862542919545e+00
1.388796656068475466e+00
1.395218283074792343e+00
1.371917940063054342e+00
1.386881642440476181e+00
1.388594661821042298e+00
1.394069234564927484e+00
1.399058760214110464e+00
1.397034286190994790e+00
1.394394516812127893e+00
1.393416137201994420e+00
1.397898864999327140e+00
1.397335180440670621e+00
1.410310915542233534e+00
1.413528726346511499e+00
1.442313570259106559e+00
1.449677625816518933e+00
1.448017120526142953e+00
1.433937667852841269e+00
1.441771204778202753e+00
1.439945340391050710e+00
1.421080748409865535e+00
1.419155731990900504e+00
1.394954689113587332e+00
1.398298082138001108e+00
1.418645639102427580e+00
1.424672633831257418e+00
1.426624216285491631e+00
1.406434797508495649e+00
1.430829758775441274e+00
1.420698636188062913e+00
1.418510482270025186e+00
1.411987463503711515e+00
1.443733426783780027e+00
1.464412297506374250e+00
1.469113663144350657e+00
1.467987508299253285e+00
1.468745848712739166e+00
1.472108188514106741e+00
1.478138428675487503e+00
1.489480859181898209e+00
1.487719050677116739e+00
1.488249818188658091e+00
1.480548450854437093e+00
1.491969654449807559e+00
1.496879676644294888e+00
1.501609784346752852e+00
1.511527026585773870e+00
1.515911162030796566e+00
1.512046030674457864e+00
1.512897559598979313e+00
1.512388662575758547e+00
1.515525915467222928e+00
1.514516032193802930e+00
1.513034971681144647e+00
1.530407961196923017e+00
1.522091728644527242e+00
1.530775497077599079e+00
1.527864092628328008e+00
1.525825461262724669e+00
1.524968831151442217e+00
1.531491309056015160e+00
1.544879827956156415e+00
1.543562802694400160e+00
1.554296028899401438e+00
1.559463727572501845e+00
1.538891896728033393e+00
1.535737152046462439e+00
1.537185127262322926e+00
1.547013716552580131e+00
1.546450257098714642e+00
1.557215384683307668e+00
1.563854694278438595e+00
1.533859555712935974e+00
1.546267900787911653e+00
1.570150036866229337e+00
1.565939672155910456e+00
1.573989471650495631e+00
1.582528273720045453e+00
1.592377229368994618e+00
1.599396581099829406e+00
1.595742191210683725e+00
1.601973960482415027e+00
1.613083829186779061e+00
1.615988853338752085e+00
1.610219493366824572e+00
1.623706555150951969e+00
1.631209392634546118e+00
1.634094601967098770e+00
1.595293594412707572e+00
1.580432724205097950e+00
1.581892585394732764e+00
1.604190076189593528e+00
1.611211483777166276e+00
1.583165651406723606e+00
1.588102211653080520e+00
1.616896623315799975e+00
1.606128359515835324e+00
1.590582168967901833e+00
1.606681806709748139e+00
1.604041106903378422e+00
1.573936726734636915e+00
1.588565828434877147e+00
1.578492691781849144e+00
1.562937485854862141e+00
1.537782616396264235e+00
1.554881390078168613e+00
1.563192636151407466e+00
1.587010462971916391e+00
1.579797575809018806e+00
1.585219186842866446e+00
1.601813948359538831e+00
1.608373938600763164e+00
1.601631181858584219e+00
1.614334182866102863e+00
1.627204679914205032e+00
1.625720322032803367e+00
1.635913860299390565e+00
1.635867950687320826e+00
1.637109624131174668e+00
1.640243787341689519e+00
1.636397468206593375e+00
1.627021550768259495e+00
1.621118150125424817e+00
1.609356862015846712e+00
1.612443632601843646e+00
1.613738660092929322e+00
1.623878937272541512e+00
1.604356820200050437e+00
1.613280294097375167e+00
1.637852875934202590e+00
