# Dollars held by RMR portfolio at market open on each day of training set.
1.000000000000000000e+00
9.995002498750624742e-01
9.848963692812147119e-01
9.829248589578256645e-01
9.797555371137988134e-01
9.624174795549305106e-01
9.553937631637235972e-01
9.606766011721363796e-01
9.534516971583841816e-01
9.493119607570086327e-01
9.475617386504014972e-01
9.606042615863034095e-01
9.674524974055911386e-01
9.521419368465127153e-01
9.637019310572941810e-01
9.772692326419015751e-01
9.791069334223594378e-01
9.588191534036942798e-01
9.545215669068856101e-01
9.484951021580847463e-01
9.478580235496498752e-01
9.451149531657999647e-01
9.286054385200190886e-01
9.168458790710949380e-01
9.229629740332350174e-01
9.478194897691671894e-01
9.444279131209731837e-01
9.332402368814783911e-01
9.314798591926225502e-01
9.447101475596451081e-01
9.401850256577830578e-01
9.428363675731350479e-01
9.472383718171576428e-01
9.372262425290758259e-01
9.412771389564256186e-01
9.645493758741411350e-01
9.667196964688145044e-01
9.725378207267268982e-01
9.618666654320346954e-01
9.625980103200143523e-01
9.538931463735562666e-01
9.533628412927178664e-01
9.580729379551246039e-01
9.476348805620494753e-01
9.339055418391727370e-01
9.271974829967761789e-01
9.247344172701926768e-01
9.252186009793403887e-01
9.448502493936721258e-01
9.311446449389179092e-01
9.206756729824646657e-01
9.387981804165485000e-01
9.469724340496745718e-01
9.451166794307411800e-01
9.392652704259500940e-01
9.523405793058594693e-01
9.531734365646501450e-01
9.464951406868525874e-01
9.539194055132014238e-01
9.585437200787562118e-01
9.577629259306991161e-01
9.546836226996348040e-01
9.498002043816177187e-01
9.447359903756210597e-01
9.514246796114870230e-01
9.453192777656305168e-01
9.473572618365418974e-01
9.638050606831071176e-01
9.761739641622789732e-01
9.782104609089798952e-01
9.796028135841441387e-01
9.747615648544960543e-01
9.759972185067419259e-01
9.696988101736470078e-01
9.700793253779101954e-01
9.704029446317067320e-01
9.768788115952252715e-01
9.806695439897308297e-01
9.831105782457937314e-01
9.875418625239138493e-01
9.933057022770261923e-01
9.968528061620114400e-01
9.887087403012908560e-01
9.860053633238239357e-01
9.912432677793362457e-01
9.905435542921546821e-01
1.000502906980733631e+00
1.003601657203224029e+00
1.002264893266778811e+00
9.972881304808658420e-01
9.982794491722902785e-01
9.989713471675862877e-01
1.001699344376504319e+00
9.987267887001460842e-01
9.988502004569331794e-01
1.000448498244908668e+00
1.003146555367385728e+00
9.996589259908517100e-01
9.992658393770015302e-01
9.990359194865733317e-01
9.992532759165463352e-01
9.984911354343727341e-01
9.975101833585899858e-01
9.953279124858835925e-01
9.981105391288584983e-01
1.000380963951236435e+00
1.000742404502187766e+00
1.000488449469024044e+00
1.003167044458397106e+00
1.002207451896244050e+00
1.000920129650309631e+00
1.000414193928474083e+00
9.998842999937773701e-01
1.000987495246319581e+00
1.003286943160360822e+00
1.004793682669799848e+00
1.005113155611212727e+00
1.006990095951402209e+00
1.005415470182394744e+00
1.006045989458124623e+00
1.006466652561228248e+00
1.007684780605180297e+00
1.006913025956617469e+00
1.007194942241174784e+00
1.009072703917552216e+00
1.006898148550454231e+00
1.006792293663564708e+00
1.007252157142645377e+00
1.021523997585837673e+00
1.024429393690990731e+00
1.024985047649213055e+00
1.024455998039379034e+00
1.024246808278113985e+00
1.024745599203788160e+00
1.022879053331803068e+00
1.021976064615540469e+00
1.020586619733974576e+00
1.022188126412123532e+00
1.022640646828369970e+00
1.019069412954537679e+00
1.017496627206737392e+00
1.017726584149416524e+00
1.017192977759389994e+00
1.016885345814881214e+00
1.014809283084164848e+00
1.016647255688524210e+00
1.015574906053066551e+00
1.013999266513514463e+00
1.016430980732070388e+00
1.017706026622327453e+00
1.017529434500014096e+00
1.018054263309005281e+00
1.019933798909185008e+00
1.021629736073238259e+00
1.022586546601724544e+00
1.021699546849538676e+00
1.025601708833331349e+00
1.024788433327240122e+00
1.029282921042763199e+00
1.030155715330794530e+00
1.029020281549390514e+00
1.029361387654345705e+00
1.033295755911649794e+00
1.041280212323872023e+00
1.041029642557106838e+00
1.042224504190833123e+00
1.044707358508384365e+00
1.047191292768721693e+00
1.047259796101809970e+00
1.045128531858364296e+00
1.045541875894612671e+00
1.045336877036963097e+00
1.042215562099141124e+00
1.041036245035733110e+00
1.042131140768589814e+00
1.041492806310036379e+00
1.041720601114349609e+00
1.043060965830389764e+00
1.041816489226107034e+00
1.041939534638053777e+00
1.040337800308965610e+00
1.040595769507137058e+00
1.039058972380083379e+00
1.036608967219928346e+00
1.035669255962022417e+00
1.037240102948775888e+00
1.037904115545633221e+00
1.039056085633486282e+00
1.040748543451029073e+00
1.041614992043313537e+00
1.041148355203036946e+00
1.039275479749859121e+00
1.040487978550355574e+00
1.040864801626984582e+00
1.041640730651131275e+00
1.041730343918665813e+00
1.040927913433167928e+00
1.042742836732625689e+00
1.043616456779457247e+00
1.045570101110513184e+00
1.045144439819751803e+00
1.044637624705323953e+00
1.043550325284725799e+00
1.043509611376899127e+00
1.042613509063436972e+00
1.041585496317563697e+00
1.042054417074080641e+00
1.041247427326553288e+00
1.041049688925302252e+00
1.042004001556381620e+00
1.043590296639329562e+00
1.042788640392716681e+00
1.044432607396577284e+00
1.044982194953915089e+00
1.044739193254737186e+00
1.045378643310627576e+00
1.044913880663147721e+00
1.044805268883733707e+00
1.044898202527780207e+00
1.044237555163387565e+00
1.044669134313024550e+00
1.045150996846646807e+00
1.045456616725082499e+00
1.046311425182654409e+00
1.046340942321044576e+00
1.046641479066421132e+00
1.045627083420565873e+00
1.046498075942862815e+00
1.047016340904725507e+00
1.048260959729105490e+00
1.048570652317731833e+00
1.049013194952933770e+00
1.047938664431603550e+00
1.047612696305700863e+00
1.048114521530877363e+00
1.049378926320484240e+00
1.050316469464285252e+00
1.048779130452583974e+00
1.047256417580372689e+00
1.049576098065601482e+00
1.049345703732949664e+00
1.048836319781878190e+00
1.049017993459479436e+00
1.047816972340437802e+00
1.046817063468128639e+00
1.050697835039610561e+00
1.051212783295017772e+00
1.050875162689004716e+00
1.050495387675589143e+00
1.050607629018224909e+00
1.049633608002303431e+00
1.050548224190483992e+00
1.049266166030243586e+00
1.049304171582832845e+00
1.048781933648836429e+00
1.048665022575433925e+00
1.047091865674907751e+00
1.050661674565805948e+00
1.050512481386842056e+00
1.050212823096234871e+00
1.049988036307302641e+00
1.049575302336856142e+00
1.049576213929765522e+00
1.048414023428837938e+00
1.046592036617613131e+00
1.049319523487858508e+00
1.050889361302832503e+00
1.049388400901569485e+00
1.047634820255015198e+00
1.046981639129571651e+00
1.047470911059453558e+00
1.046670176292639809e+00
1.047461794380210476e+00
1.046921184450094744e+00
1.046292682736049917e+00
1.045187524992161610e+00
1.044768966631011597e+00
1.047384841698388191e+00
1.046657596244038091e+00
1.048269967069001218e+00
1.049515233419535676e+00
1.048498607465756960e+00
1.049295638421864352e+00
1.050314325320906406e+00
1.050380908175191141e+00
1.047121289367893393e+00
1.046264169177532288e+00
1.045816768309219214e+00
1.047060934691499634e+00
1.046177113258709657e+00
1.044597285602332226e+00
1.042566280100305942e+00
1.045613248514776883e+00
1.044090953650354647e+00
1.043461548110249382e+00
1.043004722245530980e+00
1.044000113061128499e+00
1.044159925562835101e+00
1.041219123095124210e+00
1.042493275619005733e+00
1.042796558297577558e+00
1.041298710455313969e+00
1.039087208142811525e+00
1.035147269523928770e+00
1.034940788629747477e+00
1.037682025877483927e+00
1.037258830744386628e+00
1.037252059918051028e+00
1.038097018139071182e+00
1.037300331248066199e+00
1.035729419779489513e+00
1.029978106865854448e+00
1.026003843928980253e+00
1.027089237217444717e+00
1.031225049704809660e+00
1.034078756160211165e+00
1.035362400914774605e+00
1.036443189098298578e+00
1.035917198833985697e+00
1.035865544274959804e+00
1.037131531063852474e+00
1.036247976642970414e+00
1.040032349660145572e+00
1.036922117094016160e+00
1.037270792214211479e+00
1.038404557353641788e+00
1.037566479763197824e+00
1.037812038593048936e+00
1.040567631497476109e+00
1.039572935105439910e+00
1.039508190194698756e+00
1.040969979553014735e+00
1.039925804017995281e+00
1.037957287387208050e+00
1.038239138242651016e+00
1.037430646258763245e+00
1.038728277028681868e+00
1.038092050742716932e+00
1.036995218108988981e+00
1.035505492352248869e+00
1.036037280852296627e+00
1.033133858470715483e+00
1.033249723210029281e+00
1.030601455363515662e+00
1.031492406185958943e+00
1.031407468544818018e+00
1.032458929986680873e+00
1.035352214691268147e+00
1.034562761263539077e+00
1.033532133232388350e+00
1.031795447336981919e+00
1.034545687066144248e+00
1.034059887562739366e+00
1.032710859890845656e+00
1.034019173393478264e+00
1.032725104092877766e+00
1.031197691575669984e+00
1.031483205684816662e+00
1.030998673704265123e+00
1.028970000569533250e+00
1.028573167636655183e+00
1.025666795730777014e+00
1.026309604724950253e+00
1.026111674096104265e+00
1.025642990884576555e+00
1.028401469575175531e+00
1.026864651241522486e+00
1.024014299586595067e+00
1.021853606454234509e+00
1.022844019622250800e+00
1.024216651803059541e+00
1.027635664132187543e+00
1.025648925152181867e+00
1.027024009535971505e+00
1.026375023551528765e+00
1.026611125248124923e+00
1.027168896354731853e+00
1.026974554488827129e+00
1.030246285935197514e+00
1.030621239065689920e+00
1.037960195109557837e+00
1.035219433128115929e+00
1.033455573266303107e+00
1.033997610585595694e+00
1.032155886168863779e+00
1.032447792480595705e+00
1.031020037317906590e+00
1.027649801198785129e+00
1.025909731209761588e+00
1.026465004474986342e+00
1.028418792930900105e+00
1.030829804154972162e+00
1.030752284779383521e+00
1.032028934042353185e+00
1.033081006959603254e+00
1.034707343727389706e+00
1.032167194123588150e+00
1.036027718730343494e+00
1.036664597274371546e+00
1.036608527117635292e+00
1.034635997492714177e+00
1.034562997673481144e+00
1.034162453367999168e+00
1.033161361589753025e+00
1.037118131450675662e+00
1.038151911481801859e+00
1.037197819866019666e+00
1.036242584678659373e+00
1.037242743237096532e+00
1.035509935990792441e+00
1.033591621090162560e+00
1.033546413731572189e+00
1.032479243932848512e+00
1.033344282541677428e+00
1.027947376265514468e+00
1.025419650963785845e+00
1.022042540672902122e+00
1.026956797248766318e+00
1.023088148867679736e+00
1.019584880340867583e+00
1.014302005285104835e+00
1.010217933379343958e+00
1.009837893838613221e+00
1.010520960531698931e+00
1.016914826609313316e+00
1.019737294633441094e+00
1.016323624644687174e+00
1.017336236580867803e+00
1.021341655574864893e+00
1.028927684095565676e+00
1.028007564146366182e+00
1.030788771450099173e+00
1.032480198534295290e+00
1.032014223987723911e+00
1.034938080275696004e+00
1.034443706407349506e+00
1.032890903190287313e+00
1.032159430623649232e+00
1.033405953973143054e+00
1.032916654617815233e+00
1.032527921405762106e+00
1.032454146957926477e+00
1.031650529622674117e+00
1.032607967929475290e+00
1.031147281444378505e+00
1.030484225035458001e+00
1.027658579026831998e+00
1.026162533501604246e+00
1.026515793368145246e+00
1.027695242755021221e+00
1.030171380277446369e+00
1.032454804767464651e+00
1.033757647332719243e+00
1.028278825185328094e+00
1.031405686969672608e+00
1.030257402030828162e+00
1.031917982050739147e+00
1.029530543858385938e+00
1.025812288745667766e+00
1.029363980867040951e+00
1.030735303719139795e+00
1.030781900597014689e+00
1.031024985443059538e+00
1.030144093833857077e+00
1.028872020729884484e+00
1.032053667498104899e+00
1.033062703145993799e+00
1.035834648535535196e+00
1.043747166274133553e+00
1.043601070607491854e+00
1.038667574386807235e+00
1.032439396317207603e+00
1.030765500294898995e+00
1.029183753025834092e+00
1.030702464272609920e+00
1.031364260104995934e+00
1.029468233153327583e+00
1.031482039434609588e+00
1.024438251838086122e+00
1.026042339038682805e+00
1.023009223607971530e+00
1.019784728523059236e+00
1.017478268744199665e+00
1.016534922509497063e+00
1.014622622257129070e+00
1.014731845602614202e+00
1.012791453336644221e+00
1.011373491317622886e+00
1.011481465708062411e+00
1.008588515321721779e+00
1.004345776141881030e+00
1.007547527550246569e+00
1.016256837733287677e+00
1.017423656984090652e+00
1.019143203095573158e+00
1.022009761080717283e+00
1.019212520130903465e+00
1.026634739995386569e+00
1.024075978795779385e+00
1.019969884429278162e+00
1.020063910912461846e+00
1.020751068550921126e+00
1.018262888761611196e+00
1.021690184332117557e+00
1.021575470207438663e+00
1.021233886798542656e+00
1.025130996875583955e+00
1.026470419439391435e+00
1.022356488473267433e+00
1.024403815992170674e+00
1.022372423873344705e+00
1.022346865157602203e+00
1.023047934933522196e+00
1.022232875791924345e+00
1.024756944309304529e+00
1.024490166075747055e+00
1.027109919979519059e+00
1.024997782489506459e+00
1.025555383041748314e+00
1.026948985610576681e+00
1.029857618791405249e+00
1.025892813748079835e+00
1.024632581672447751e+00
1.022556460219524510e+00
1.024988040516838339e+00
1.021006599157169736e+00
1.021949498381691468e+00
1.021989781031821476e+00
1.023676961480983305e+00
1.021718581800670211e+00
1.016989343154480085e+00
1.021993696300386834e+00
1.021652500983083467e+00
1.013287622496436668e+00
1.017688442488411393e+00
1.022036363773145773e+00
1.021285483439856367e+00
1.017364897844370342e+00
1.016800561482773091e+00
1.017159310613749534e+00
1.019643329610017579e+00
1.016595783708570178e+00
1.015589133042930525e+00
1.022561374305121396e+00
1.021237052765484599e+00
1.017899212572983103e+00
1.015669712786091639e+00
1.011261541632827443e+00
1.016359447554297191e+00
1.025667134792243251e+00
1.028587756057788516e+00
1.032674277751012948e+00
1.030828493926401634e+00
1.031904518776369573e+00
1.038762752982453907e+00
1.035078511215560271e+00
1.032204741536497439e+00
1.028268120525776430e+00
1.029093196525618703e+00
1.024363523610432258e+00
1.027980508432900120e+00
1.031761890720954922e+00
1.036960940095150274e+00
1.038718369310138945e+00
1.036872229480843233e+00
1.040076417429153688e+00
1.047583148017708021e+00
1.051998678555143840e+00
1.055384613830997687e+00
1.046852448559442150e+00
1.054451991723340365e+00
1.057465336940917267e+00
1.056676097511333401e+00
1.052109285426940044e+00
1.048715545220459955e+00
1.046905230901618244e+00
1.049872867019158384e+00
1.049122471541626744e+00
1.045327070531893332e+00
1.043657761589472432e+00
1.044488702735661301e+00
1.043860813512238028e+00
1.049997985989351346e+00
1.052907719654627927e+00
1.051039950914236520e+00
1.053045402139858311e+00
1.057038275761005730e+00
1.061007325102993448e+00
1.056217406345100862e+00
1.053038779782554224e+00
1.049702276854892036e+00
1.053084770949299642e+00
1.049362548856610955e+00
1.050931780028280471e+00
1.054005316912473011e+00
1.054478653729820969e+00
1.048943258718387117e+00
1.048790241244727417e+00
1.051641649219057895e+00
1.054226707177966516e+00
1.059935430199489215e+00
1.059774462333804124e+00
1.055252738466424978e+00
1.062378615359431677e+00
1.070324355895160062e+00
1.069905028950872916e+00
1.066867976424574094e+00
1.061533243262690718e+00
1.056053539947720443e+00
1.054399250937826604e+00
1.053497408878508290e+00
1.050179284105047239e+00
1.057379341952887408e+00
1.060825660173850826e+00
1.062117688930731108e+00
1.059894827323362154e+00
1.055473120412114607e+00
1.055160841493605561e+00
1.059995245903396777e+00
1.053298885486277259e+00
1.050335850142419147e+00
1.059946752601432562e+00
1.063232942613477894e+00
1.058408902277834240e+00
1.049795479489988415e+00
1.051332432209241219e+00
1.059344532308736264e+00
1.054958829763025019e+00
1.050760213870476356e+00
1.046773507551803872e+00
1.035816609497077101e+00
1.029498935521101943e+00
1.015553439967864291e+00
9.991808786529244868e-01
1.016718006066026359e+00
1.010007677904061874e+00
1.004802657244548314e+00
9.987295665281351598e-01
9.824446560917434734e-01
9.652147435054738711e-01
9.678561577955914208e-01
1.013035772581462046e+00
1.021168767387756526e+00
1.038429789040456352e+00
1.041425575145981997e+00
1.028517608587189214e+00
1.039086608320226812e+00
1.045402274480252691e+00
1.041675213945655321e+00
1.063137075160389466e+00
1.084072559646944711e+00
1.090251799010521605e+00
1.097500193710244876e+00
1.094014578170210417e+00
1.095973347536296716e+00
1.089692882642816718e+00
1.099934968934175084e+00
1.105688491890089775e+00
1.101733330401488464e+00
1.108548716793670952e+00
1.096073833091554928e+00
1.095008165649046905e+00
1.094830499314319416e+00
1.095682502969655303e+00
1.091709383022914093e+00
1.097290823756380318e+00
1.099103040507540374e+00
1.114685032739064052e+00
1.125591690138232570e+00
1.146397607007912711e+00
1.142186439607920656e+00
1.149943074501144080e+00
1.144652281635600621e+00
1.130490913441980716e+00
1.131528969587502376e+00
1.123026308070049550e+00
1.118431955792727583e+00
1.125752117610379965e+00
1.110737798408269139e+00
1.123267045178696799e+00
1.110858394638882807e+00
1.122523548506335844e+00
1.115472362620857583e+00
1.116532616117803078e+00
1.143993810874253114e+00
1.130224780832353115e+00
1.112036775226368679e+00
1.102659181678638634e+00
1.093851630472957526e+00
1.089577439258462288e+00
1.102328462928819697e+00
1.138058738743048748e+00
1.151004800649183979e+00
1.123957583804535032e+00
1.129586353372735497e+00
1.130444104504150449e+00
1.123903011956777442e+00
1.109586625669297666e+00
1.098697895936019853e+00
1.081165607395486727e+00
1.080151884880195645e+00
1.083532247010727145e+00
1.108300838605667193e+00
1.119413710491023783e+00
1.137340312069209380e+00
1.120676657516871622e+00
1.101420376642122001e+00
1.094330183498652076e+00
1.091803214859401461e+00
1.077276100938700187e+00
1.067261630337647649e+00
1.079524725728712387e+00
1.113917437282420542e+00
1.114160642097160592e+00
1.133686525432418657e+00
1.143565017730719724e+00
1.140229165425322044e+00
1.147237311599777154e+00
1.167869192489212837e+00
1.163984937522185570e+00
1.156917344613645149e+00
1.181770363064770457e+00
1.177111934431169349e+00
1.173998466053614242e+00
1.181629108040834764e+00
1.184382008374689876e+00
1.164916090186477460e+00
1.177248705823300767e+00
1.192096922258538028e+00
1.204873285987371867e+00
1.213688040105550758e+00
1.217038276120892659e+00
1.207020411192094134e+00
1.212052832482933384e+00
1.243248578952524941e+00
1.254470909111673249e+00
1.252771260270334031e+00
1.268838268990526430e+00
1.277288103244766493e+00
1.288477812177964532e+00
1.265024533878127855e+00
1.294172034893803724e+00
1.293090070439411265e+00
1.301356761089133895e+00
1.302580166501541292e+00
1.291711937129897514e+00
1.291795491260704587e+00
1.307196389662657499e+00
1.310312754120849243e+00
1.315949056914139659e+00
1.339605398699149408e+00
1.349002848138529220e+00
1.366015717152647246e+00
1.366880585758821542e+00
1.394402652312247248e+00
1.395265595096025324e+00
1.386047882295626144e+00
1.367795522647528905e+00
1.378952040134593604e+00
1.375919919942223402e+00
1.386300549165577101e+00
1.393376743776098881e+00
1.396625240149236946e+00
1.393696662494974481e+00
1.388669299495248310e+00
1.391567897201381854e+00
1.388237092633936243e+00
1.390007988495664870e+00
1.395685760955589938e+00
1.400894627394550840e+00
1.399994192028391593e+00
1.392806551013742844e+00
1.403975729066743394e+00
1.404050145754673906e+00
1.407119606899895903e+00
1.408580164981424243e+00
1.408361074833276438e+00
1.413144408264648266e+00
1.409201850196130090e+00
1.406545549766260894e+00
1.407436207110834392e+00
1.399594443445618674e+00
1.400402634958629822e+00
1.403617778660442017e+00
1.393257749876298579e+00
1.391894583688744413e+00
1.395088106077693180e+00
1.400155636974210749e+00
1.402706567052985243e+00
1.404461357702701862e+00
1.406212224851930426e+00
1.404646595613822990e+00
1.401217749236383758e+00
1.396309521891581973e+00
1.394759438537334528e+00
1.388125106726069369e+00
1.398393949347757736e+00
1.397707971030269780e+00
1.400824507429223154e+00
1.405473851589563505e+00
1.414205505200966995e+00
1.415616600559356231e+00
1.412717150303294034e+00
1.419306469308262653e+00
1.412879197272244092e+00
1.420340564014769047e+00
1.427019917279669592e+00
1.428673600585944170e+00
1.434846401495612600e+00
1.436071576881123413e+00
1.430350822490923601e+00
1.444398314448680498e+00
1.447334971642366241e+00
1.454348572252343041e+00
1.461252269425918016e+00
1.460688006279477591e+00
1.454222644475942294e+00
1.458967378371080148e+00
1.458249668608011751e+00
1.453797272358539505e+00
1.457040024988789595e+00
1.464269884353819773e+00
1.462341142671142347e+00
1.458324129370600408e+00
1.461136560952472019e+00
1.456871796844487310e+00
1.461455524768881853e+00
1.464350476019291136e+00
1.462216013933907321e+00
1.464744090962941447e+00
1.463056452655728368e+00
1.464608733050958067e+00
1.463805556785221285e+00
1.459071257962257562e+00
1.451817997954723660e+00
1.450993869634727540e+00
1.450895708671019246e+00
1.456375700210060575e+00
1.457879847547109531e+00
1.460496344636819321e+00
1.471000026427388363e+00
1.473883391974220691e+00
1.472482667136379098e+00
1.477584109294180381e+00
1.476060149670109345e+00
1.470879368328092518e+00
1.476073116849130562e+00
1.476766228316936269e+00
1.478842207732801839e+00
1.479817708371192087e+00
1.473380688121463500e+00
1.477649947238955930e+00
1.474972023014112787e+00
1.481466804804590032e+00
1.480291824107059728e+00
1.469527238314301432e+00
1.467820558480376070e+00
1.469927666750475259e+00
1.467396835473143035e+00
1.478423217482158547e+00
1.478225361264005722e+00
1.471604559075547103e+00
1.471967083179957392e+00
1.462303427168369696e+00
1.458029246630091258e+00
1.457328818985949237e+00
1.453000118016288145e+00
1.448770591788290929e+00
1.444153996321608124e+00
1.448112408617353797e+00
1.455035815739848637e+00
1.444587098409318537e+00
1.442478913858626255e+00
1.441225053455365002e+00
1.446495511455792693e+00
1.452507639732067091e+00
1.446791767241253579e+00
1.441203648909796575e+00
1.444497202526877633e+00
1.444230347621153987e+00
1.436331882681028738e+00
1.436129054849207387e+00
1.438700257513624958e+00
1.434097813838072444e+00
1.438942582166487183e+00
1.439653452202349637e+00
1.435776477341649926e+00
1.438035677798277456e+00
1.444731916392669735e+00
1.449458577460039921e+00
1.449609343314000709e+00
1.456609057681090835e+00
1.454866305507181101e+00
1.450057966929255482e+00
1.449758171344843083e+00
1.448026769010342552e+00
1.445509353788306139e+00
1.448527990638376783e+00
1.451956869802734529e+00
1.457136480552441160e+00
1.466617517905147938e+00
1.475949238937089403e+00
1.473705982442355955e+00
1.468496549361089309e+00
1.469323850888222038e+00
1.470082452559225317e+00
1.468957463024963550e+00
1.475124450506871243e+00
1.481240765240534607e+00
1.474198434276507763e+00
1.475863962122871964e+00
1.475450511126307873e+00
1.475011977596473844e+00
1.471781713061609542e+00
1.470385014941958168e+00
1.470151129362720743e+00
1.471918228636949655e+00
1.469332514996749994e+00
1.471215731926282633e+00
1.473968601190459360e+00
1.479199365676274969e+00
1.473599517794177416e+00
1.474012645643725472e+00
1.463789301859581338e+00
1.464133423516644328e+00
1.453170459327222552e+00
1.462567836218664263e+00
1.468891671949371647e+00
1.469280425024251713e+00
1.466799228987691217e+00
1.469635126430951511e+00
1.467809429104490748e+00
1.465743088915890668e+00
1.462095317992878618e+00
1.459273167298511975e+00
1.457916011931609246e+00
1.455272003693138139e+00
1.462061589436441933e+00
1.465206325497729223e+00
1.463705887688391938e+00
1.465322944753997936e+00
1.462830645181403932e+00
1.464066981672240031e+00
1.466611211687564476e+00
1.468685232954697328e+00
1.471830180574364988e+00
1.473029862937107692e+00
1.472416756833103246e+00
1.473718111566921340e+00
1.472745057345421937e+00
1.469454698891139666e+00
1.471001727981362972e+00
1.473967494128615829e+00
1.470012691491190626e+00
1.471017898094900245e+00
1.471353603810594990e+00
1.468039089714321177e+00
1.464425187939053075e+00
1.467539470066606677e+00
1.466912257063380354e+00
1.469485451745613513e+00
1.467102004484789779e+00
1.472336646736016386e+00
1.472051732702769788e+00
1.474777615215222548e+00
1.479257113542897795e+00
1.479579755595315849e+00
1.478745261570641345e+00
1.475806023697248781e+00
1.477060754941663223e+00
1.477120355641191152e+00
1.478623869905086430e+00
1.482762466386119637e+00
1.483817291971819330e+00
1.485716503198448279e+00
1.486344469426741366e+00
1.488293444657084130e+00
1.486795904124617707e+00
1.488443680065483665e+00
1.488641118912696459e+00
1.488633129885241546e+00
1.488418409683603505e+00
1.489518264937019998e+00
1.489167257205389561e+00
1.496736434315925957e+00
1.492297023961684843e+00
1.496219216326415635e+00
1.489649271687613519e+00
1.489168802387071944e+00
1.494226118235369105e+00
1.488096322837959784e+00
1.488054658418584753e+00
1.490602767530805783e+00
1.490616329909037807e+00
1.491370290065657356e+00
1.491675149780669063e+00
1.487383482331926965e+00
1.486604523579639681e+00
1.483284260347998318e+00
