# Dollars held by OLMAR portfolio at market open on each day of training set.
1.000000000000000000e+00
9.995002498750624742e-01
9.841818178677710360e-01
9.793113152575154690e-01
9.793098875649253188e-01
9.726303157302821356e-01
9.667449707925738212e-01
9.658550268326321353e-01
9.581558122109887776e-01
9.649732895194489402e-01
9.585929464731193228e-01
9.668796144192265407e-01
9.713338298010480987e-01
9.671310480126827924e-01
9.684364479988072372e-01
9.725670510416416503e-01
9.704102654338997436e-01
9.717516419239718983e-01
9.713859213160236372e-01
9.696947843769071484e-01
9.673425956637848877e-01
9.648350523039900262e-01
9.565959983211197448e-01
9.497434464753894412e-01
9.630258436571049740e-01
9.792565139397954033e-01
9.766671485467255387e-01
9.754730968570315408e-01
9.751196282690673955e-01
9.753736915877000424e-01
9.755909253315943053e-01
9.749403752134513379e-01
9.727907713439887250e-01
9.705922324849711735e-01
9.703348550565172870e-01
9.652750687349227476e-01
9.618644029314165067e-01
9.591482152469461564e-01
9.581412664109917321e-01
9.583356830350290290e-01
9.606270032788587487e-01
9.568562456484794865e-01
9.586853422486855125e-01
9.532522503646696510e-01
9.541251253504283714e-01
9.506589363726178910e-01
9.541468541163321548e-01
9.528168152446607753e-01
9.584723763664558804e-01
9.508781300381013990e-01
9.464993362517402087e-01
9.520459199520441285e-01
9.549547437763937774e-01
9.509961939789928209e-01
9.525160580028194657e-01
9.579122915401604432e-01
9.582666409758454629e-01
9.534610561893474001e-01
9.554064316571635462e-01
9.619275120693614456e-01
9.615136402944266525e-01
9.601375073683188210e-01
9.578001396909722187e-01
9.573212105869592925e-01
9.588246242808482478e-01
9.578686372325213583e-01
9.581446311043209096e-01
9.602712992614157450e-01
9.637455451493214253e-01
9.632607121523996119e-01
9.657673747195336666e-01
9.699200928748713535e-01
9.687049457411680553e-01
9.685468474296651253e-01
9.690771740607235785e-01
9.695821337575268872e-01
9.701690072647779495e-01
9.660100486393387031e-01
9.617630819136364639e-01
9.645854257312398428e-01
9.696147290969149291e-01
9.686443182024159215e-01
9.677224731700930782e-01
9.676735972786295603e-01
9.616210509206115642e-01
9.576704238641963185e-01
9.540411410992100105e-01
9.602818910888696324e-01
9.522105001583702766e-01
9.496126435774814301e-01
9.570389193471322553e-01
9.533111838897039281e-01
9.472581621205149460e-01
9.511395782790831310e-01
9.506940306676835428e-01
9.471493537297372978e-01
9.526457286873936114e-01
9.584279893519335181e-01
9.573891401107110788e-01
9.590044771549713909e-01
9.587903334202316774e-01
9.619469233983168888e-01
9.660498118974198967e-01
9.713181831395976129e-01
9.708116248163008999e-01
9.685000844344461290e-01
9.676728821687512472e-01
9.687376379858616549e-01
9.666321441845142637e-01
9.649296776025678701e-01
9.601082097707164253e-01
9.618530520966301900e-01
9.649728756486620762e-01
9.600353911348618041e-01
9.610222573731705964e-01
9.628391364577031375e-01
9.636078718761029727e-01
9.655919050494510270e-01
9.725010871266764889e-01
9.716232154153293665e-01
9.747459034844182524e-01
9.728691361649928204e-01
9.729842942682696005e-01
9.719149056784519569e-01
9.719544829036891320e-01
9.699694475111709790e-01
9.723457770228360886e-01
9.724965375919687460e-01
9.718869914136339938e-01
9.719954544145766873e-01
9.728041825048905356e-01
9.715171716428235849e-01
9.723206241800941285e-01
9.697008088610841181e-01
9.702562598310146003e-01
9.702614741634516538e-01
9.699556585448806389e-01
9.699182500273791918e-01
9.682435062875267562e-01
9.682259567969245806e-01
9.671831373923414077e-01
9.639089739687859426e-01
9.629292605508291691e-01
9.592620279779000558e-01
9.643409533102076381e-01
9.648530123598271224e-01
9.645653292024947145e-01
9.619429267989365595e-01
9.633217035945631501e-01
9.639302501930637757e-01
9.645010343704840672e-01
9.639413743630406151e-01
9.659031035241650853e-01
9.641953143875591214e-01
9.635773225908976780e-01
9.636651327104800435e-01
9.600336615410514085e-01
9.580822706796428001e-01
9.543956650537049891e-01
9.522857888997211528e-01
9.543800952610016486e-01
9.543582235183162288e-01
9.534064241277777629e-01
9.530680390730412732e-01
9.507391682151302703e-01
9.529452488759597717e-01
9.537477845948652000e-01
9.515927904003806947e-01
9.469148990248744679e-01
9.467659849038208009e-01
9.498028320442147843e-01
9.478639177887131506e-01
9.485910984663964429e-01
9.452308183145827769e-01
9.426840604062508566e-01
9.416716976123374883e-01
9.349711328359677776e-01
9.384928122572372411e-01
9.379243535934675968e-01
9.365333561019649755e-01
9.363464088973122434e-01
9.352252212697449441e-01
9.373449213538470604e-01
9.389375843707531422e-01
9.402448575891287907e-01
9.397962652566288488e-01
9.399024864992525652e-01
9.415097162350754001e-01
9.415950421294774220e-01
9.429653450826669392e-01
9.435703960010101143e-01
9.422544553744813811e-01
9.428554104178690221e-01
9.422328827121415618e-01
9.414502493630848567e-01
9.385790487112706248e-01
9.359002337123228932e-01
9.378516308133375556e-01
9.359704557668999669e-01
9.349414836266544127e-01
9.390300563192069960e-01
9.394909379596244614e-01
9.370257015034594295e-01
9.349548061313398550e-01
9.326979777120188997e-01
9.366597991762530828e-01
9.348936455203973317e-01
9.371093356576271072e-01
9.375946951866699353e-01
9.341207496198001836e-01
9.342482447035246329e-01
9.343013289707143842e-01
9.342013751838020852e-01
9.352581781247707449e-01
9.333803355494060261e-01
9.337472190147586559e-01
9.337687168052004605e-01
9.324197915331934317e-01
9.311905530625255167e-01
9.286813928338557567e-01
9.287153717109523088e-01
9.268677369416047362e-01
9.260903928088236592e-01
9.273858860057156983e-01
9.238665317873355765e-01
9.248963381136992012e-01
9.233979437777622978e-01
9.235975113188539254e-01
9.228484014731800356e-01
9.225265832242253161e-01
9.229465773522140815e-01
9.216993633539832809e-01
9.228756866175350515e-01
9.210165706408069974e-01
9.225685686489331072e-01
9.240573447279000208e-01
9.216730639546263371e-01
9.242505012294930378e-01
9.248014117532320499e-01
9.235141067776542201e-01
9.252183797386605013e-01
9.257074659939181771e-01
9.262828457244508540e-01
9.272184752198237012e-01
9.247705211955670190e-01
9.275295336192022067e-01
9.289076159435322166e-01
9.297911303650294723e-01
9.312151017295748900e-01
9.282625430328081961e-01
9.294411389128280909e-01
9.278946230332998368e-01
9.271315453938284712e-01
9.267894039395835337e-01
9.257289514278695952e-01
9.269933726342994840e-01
9.254600216198409779e-01
9.251749217227118738e-01
9.257047755839813430e-01
9.303113101938277341e-01
9.305885229883298360e-01
9.312093744152090125e-01
9.289086971336335541e-01
9.315666725638840351e-01
9.290128999771187779e-01
9.320834580697805460e-01
9.304679181671560162e-01
9.282391401306748779e-01
9.270592864216076201e-01
9.288754917517411114e-01
9.292189412842006835e-01
9.290789868004490915e-01
9.302854844295499470e-01
9.282063349471776359e-01
9.271746129717488571e-01
9.246124673149793693e-01
9.255874099322985993e-01
9.231906215627143641e-01
9.232994234269685796e-01
9.205084775643148642e-01
9.176520876636177215e-01
9.133889929788487905e-01
9.140776396079551835e-01
9.143456595113311769e-01
9.158384015230969233e-01
9.144343707813873401e-01
9.144563985986514654e-01
9.129714659218189921e-01
9.138845924145200250e-01
9.133008313991041183e-01
9.136060525039585434e-01
9.116541458305733592e-01
9.117041122731299740e-01
9.107014964196383788e-01
9.111211059957945446e-01
9.112902889972841480e-01
9.102621509256444421e-01
9.100079312857402014e-01
9.119708711057901152e-01
9.128327996210545692e-01
9.100579085524114209e-01
9.077695493840191032e-01
9.061608273860656260e-01
9.058739870901179048e-01
9.054970343114542297e-01
9.044200667143935668e-01
9.062840179615693215e-01
9.081690293253518176e-01
9.054097606904448758e-01
9.046777849793730120e-01
8.980831790131243997e-01
8.936629765819906757e-01
8.945576777473844832e-01
9.010710435528330731e-01
8.985649027648211495e-01
9.112919069485635459e-01
9.227408048323157974e-01
9.200084611916286015e-01
9.171110539758087210e-01
9.180462578580899091e-01
9.231450681563111438e-01
9.271813344119754774e-01
9.283694708906798931e-01
9.286538290626510372e-01
9.316182529474200669e-01
9.274206412981175207e-01
9.269280251775086077e-01
9.292422742764457899e-01
9.301925052399021565e-01
9.280305271599640360e-01
9.288971690620574373e-01
9.285529450627616477e-01
9.292202386443525475e-01
9.273291605801243787e-01
9.279167543793185313e-01
9.256386518238723937e-01
9.260547684671401880e-01
9.237007235402924232e-01
9.245521406537141607e-01
9.248209969955896170e-01
9.251252812152778171e-01
9.215700711263434819e-01
9.208898777360000620e-01
9.230778304233454579e-01
9.208337453141002271e-01
9.188546291301322722e-01
9.168197285255200724e-01
9.152687727560386843e-01
9.161194096267865072e-01
9.183307507563230887e-01
9.180763473056324786e-01
9.226804383683618882e-01
9.267563232420682473e-01
9.264680585009893443e-01
9.247681955801495546e-01
9.245347255309684931e-01
9.247964200555207626e-01
9.238315701606563124e-01
9.257879047935946293e-01
9.244605666555060219e-01
9.228441060664933637e-01
9.228961952357122023e-01
9.234343506239703903e-01
9.178060169451373040e-01
9.183655120196356769e-01
9.217725609209772575e-01
9.195887059627565474e-01
9.200051343669893855e-01
9.146732905032569638e-01
9.163621751341376465e-01
9.186684001360412299e-01
9.225332819310801957e-01
9.207791951652836149e-01
9.236112447080925270e-01
9.201127372152709816e-01
9.155305722380545630e-01
9.156812212274045848e-01
9.116430770663533911e-01
9.087092577041532282e-01
9.149586301083670881e-01
9.163881837625634796e-01
9.395859466991473008e-01
9.496517710645800969e-01
9.485847319071895045e-01
9.495654651690590420e-01
9.410548338975665006e-01
9.353094097068009871e-01
9.393316351592140290e-01
9.536891338385663497e-01
9.442707482828255339e-01
9.459440873142512807e-01
9.531885712540429934e-01
9.526452935787733667e-01
9.559104779994103129e-01
9.571244409019166177e-01
9.563445310575948710e-01
9.571978770768670985e-01
9.586416658432130866e-01
9.578844676184558038e-01
9.530419872548075988e-01
9.600282738139059857e-01
9.567024108721212672e-01
9.558168350350708664e-01
9.548852974162661544e-01
9.605771263381832625e-01
9.588523403745479179e-01
9.523746608876972886e-01
9.454903868150966728e-01
9.439586607996074408e-01
9.477478390756172155e-01
9.424222508502940743e-01
9.404430760892721342e-01
9.377646659607087321e-01
9.421529438242705057e-01
9.367138039529224747e-01
9.324047131959635193e-01
9.290086816278296800e-01
9.310386750952630575e-01
9.220344901991474051e-01
9.203733860473239936e-01
9.310273852161049524e-01
9.264106940636576137e-01
9.323975437299681923e-01
9.283075406896447168e-01
9.364069041203646471e-01
9.382199547103149406e-01
9.469746400437329958e-01
9.571457479829700299e-01
9.611672934324433371e-01
9.778215662671040365e-01
9.859757647014613102e-01
9.831099400805183297e-01
9.849421115808248972e-01
9.871248170859332483e-01
9.763130388224718903e-01
9.819709353370201788e-01
9.935154209119244628e-01
9.943255447857863860e-01
9.939695845225263726e-01
9.915267542506518428e-01
9.977183613382489824e-01
9.972756250918997090e-01
1.000188829887259878e+00
9.922176196070079390e-01
9.920039916073345454e-01
9.962083113795840994e-01
9.891558339237458419e-01
9.909391730865375614e-01
9.913771348069434497e-01
9.899193238183727761e-01
9.879167310942047475e-01
9.881266930223261413e-01
9.894955177513287126e-01
9.945974489279028052e-01
9.950172616808582449e-01
9.916663519034698560e-01
9.896727657385132604e-01
9.864950265425947995e-01
9.831242057838613935e-01
9.843879783943577655e-01
9.798775666220905789e-01
9.833486360459817721e-01
9.814672984827748081e-01
9.840469308801843562e-01
9.799740476625135033e-01
9.799135381499437525e-01
9.859697277440979679e-01
9.890919521827603589e-01
9.932161333675221249e-01
1.000261959750642138e+00
1.006350089184723684e+00
1.012694224034619062e+00
1.013693893311948591e+00
1.012791795894848246e+00
1.014564040262840416e+00
1.021265320450886804e+00
1.023351066685851629e+00
1.025780664332190062e+00
1.028911876227272204e+00
1.029151118246702357e+00
1.030055874957957363e+00
1.030841689630932256e+00
1.031714983848780465e+00
1.027670514590688144e+00
1.019014129169187877e+00
1.018739709402310067e+00
1.019624234666483220e+00
1.024033257110630313e+00
1.025713421272737236e+00
1.019537998413054813e+00
1.016300962122665741e+00
1.019791840803546012e+00
1.032870049866699169e+00
1.030060062847975244e+00
1.031818107124688133e+00
1.037288235093307920e+00
1.034427186956683675e+00
1.035447664686291125e+00
1.036252878139169109e+00
1.036731798349042721e+00
1.035603589445410311e+00
1.036750059290387771e+00
1.033281933721017509e+00
1.032728530046545412e+00
1.038532153621154919e+00
1.033693291464553576e+00
1.037896764583567499e+00
1.034902208873522245e+00
1.034384737406418120e+00
1.036926150157930104e+00
1.034512169828678330e+00
1.031934933102624852e+00
1.035973894669695694e+00
1.034533226055991628e+00
1.037616194088276211e+00
1.034608428378175127e+00
1.037005967434965648e+00
1.031107505417953041e+00
1.027704998233989198e+00
1.027259280056975088e+00
1.026140735287150996e+00
1.023772123889207464e+00
1.014825782659830145e+00
1.006446184169130120e+00
1.013191669399446493e+00
9.974165329506340383e-01
1.003187983645628556e+00
1.007883219487661686e+00
1.011800919451638636e+00
1.003556667767471211e+00
9.953589387477631556e-01
9.999040399451110117e-01
1.003944369737518993e+00
9.930465371958148157e-01
9.948413738666256334e-01
1.002409683623872949e+00
9.971953508259585597e-01
9.949868535898729327e-01
9.885521441974510770e-01
9.849731164609786260e-01
9.883802329922850571e-01
9.911308527440452210e-01
9.922028191807016340e-01
9.855978358613493029e-01
9.812693211869520926e-01
9.913797030858020332e-01
9.886054664153691718e-01
9.749729927581216593e-01
9.790291581730983239e-01
1.026619871112177673e+00
1.050173452442361377e+00
1.054000016820239027e+00
1.070989024885028895e+00
1.038600748260048778e+00
1.044566099654830049e+00
1.059390479752067904e+00
1.065922462911443214e+00
1.065953866461899491e+00
1.071797415917108420e+00
1.063881203957944610e+00
1.062148867574484123e+00
1.060623035088821497e+00
1.057637344278943514e+00
1.053209632015146280e+00
1.067664179405408698e+00
1.069686151653615802e+00
1.061746941661647847e+00
1.060874652421322617e+00
1.063770362749518972e+00
1.079997942292475477e+00
1.081694675912070469e+00
1.089290399906234885e+00
1.087731968534638272e+00
1.093383944505947225e+00
1.096876186219067684e+00
1.090426924151960852e+00
1.109082800982436279e+00
1.105103429005575899e+00
1.103550896483120658e+00
1.101192515580222686e+00
1.106607675537733426e+00
1.102592496407323930e+00
1.101740163146094131e+00
1.092127004421456604e+00
1.096570285179041981e+00
1.093521958620078394e+00
1.067462351290797251e+00
1.063917203343518247e+00
1.081088958057788263e+00
1.081659630279308226e+00
1.090804729665480810e+00
1.066257279100994992e+00
1.049533874333694161e+00
9.754185879557427663e-01
1.014245913406841337e+00
1.106599461313747756e+00
1.155684846201136207e+00
1.167730251232864003e+00
1.142066263059810183e+00
1.136970233139090292e+00
1.130377151110034672e+00
1.104432319973067678e+00
1.151211783909756869e+00
1.139579317314205920e+00
1.118719234843627897e+00
1.127238606878825822e+00
1.124096277634808905e+00
1.104905484604683297e+00
1.116862124040630455e+00
1.099365911495694403e+00
1.120999510339327099e+00
1.188893877744836791e+00
1.211444586229273090e+00
1.239890485065277215e+00
1.245866932872416344e+00
1.251601585278575568e+00
1.258960878580048792e+00
1.255365740691774423e+00
1.258927567880155696e+00
1.239726569346577989e+00
1.237690333661460862e+00
1.225654174903753502e+00
1.241283407017131912e+00
1.263482777618028630e+00
1.269403619950083328e+00
1.269901863767276096e+00
1.328752515148658997e+00
1.322870575097464974e+00
1.332499821305836774e+00
1.350703915814435163e+00
1.361022687724595004e+00
1.350043378167120833e+00
1.323339227619053426e+00
1.284354210707838284e+00
1.343558867948119406e+00
1.331430118039398591e+00
1.311266820341876915e+00
1.300705042587601445e+00
1.266599234277369757e+00
1.255511086229830653e+00
1.266426238497647239e+00
1.326637364241591177e+00
1.357687587029800413e+00
1.334742025864129822e+00
1.335721665358474253e+00
1.379758730195553618e+00
1.366646261782657357e+00
1.379740386017160647e+00
1.363078942929438986e+00
1.358531057564862365e+00
1.389469982191970265e+00
1.405537361879669600e+00
1.395953668561199512e+00
1.402901511865846773e+00
1.396147762808269244e+00
1.388058064411646253e+00
1.409091011807604543e+00
1.413938696667877082e+00
1.418278059397161339e+00
1.407136021707001472e+00
1.409939593644742084e+00
1.409922392499521893e+00
1.405718541210096539e+00
1.407258873655841125e+00
1.414000392893871583e+00
1.407019285024496247e+00
1.409998148681944174e+00
1.414528701794180332e+00
1.413610823704440467e+00
1.401859165557484355e+00
1.423627737429235207e+00
1.415741147188975146e+00
1.422602820253140665e+00
1.442305121910974597e+00
1.447722710800830592e+00
1.439824477696832528e+00
1.416632119002507517e+00
1.408795309927935335e+00
1.365587651432038419e+00
1.418756715076781250e+00
1.387598905004820082e+00
1.402700784544965495e+00
1.375919165002417843e+00
1.375460408190773753e+00
1.375499982320136594e+00
1.394201353057887616e+00
1.406050902750461296e+00
1.398385269674734754e+00
1.387393640644819959e+00
1.371893780428283138e+00
1.381246073150264486e+00
1.443976234236435507e+00
1.455686158664922125e+00
1.496215888285942652e+00
1.477029283198775023e+00
1.475717883299990207e+00
1.457453583771392669e+00
1.418804905096216817e+00
1.416852535388956946e+00
1.376727462394671475e+00
1.366440893291253511e+00
1.368941671028595097e+00
1.377138180542143431e+00
1.383232468876449905e+00
1.414387494660240163e+00
1.379889501190116219e+00
1.348024065031989238e+00
1.328803640894016480e+00
1.337114327600929187e+00
1.293876816119106987e+00
1.288060046327057506e+00
1.300238297926846087e+00
1.374566729595837256e+00
1.383202719114439816e+00
1.402663826639767297e+00
1.423850519577123164e+00
1.460603935766641159e+00
1.452088494561833754e+00
1.451767614041270082e+00
1.459760765505586866e+00
1.476472848762358181e+00
1.457370255803634107e+00
1.462851519767666142e+00
1.470066372428525003e+00
1.472928229148718460e+00
1.486194349597611541e+00
1.516281180014855678e+00
1.517656680619505316e+00
1.504175106406623552e+00
1.496914877121753307e+00
1.491784542574526640e+00
1.498711929065570381e+00
1.521481596344934850e+00
1.512756110240620178e+00
1.457236676840106826e+00
1.442899175220932362e+00
1.472168475770139651e+00
1.448727991674644278e+00
1.434808430228097231e+00
1.418301058088540678e+00
1.473294884678727490e+00
1.434741577587556050e+00
1.421002363695251125e+00
1.415108503429154174e+00
1.400609480590904843e+00
1.420140470385037101e+00
1.426464614170245948e+00
1.421777112161904277e+00
1.419277784704989998e+00
1.419020897909910817e+00
1.413344708359378865e+00
1.416642996396794585e+00
1.404035061226839964e+00
1.416306017356953717e+00
1.369033244460063470e+00
1.390241491138301866e+00
1.401632635361325097e+00
1.432967107743202462e+00
1.422506850818659352e+00
1.429477516475410548e+00
1.426599569016176128e+00
1.430943852921541692e+00
1.429178525895482776e+00
1.425761202247505910e+00
1.419470427098880272e+00
1.424198996254248506e+00
1.417324999126026830e+00
1.413979239793571319e+00
1.410788731924531136e+00
1.402746306159833534e+00
1.416096008115681260e+00
1.427302731767648991e+00
1.425732211656468351e+00
1.423543567448982472e+00
1.424290231161173370e+00
1.422164132202335063e+00
1.420178441790838519e+00
1.416969938186475098e+00
1.420139431279871634e+00
1.425689831830721843e+00
1.428410598953403721e+00
1.431559780147594330e+00
1.425717910553023549e+00
1.425695455242738552e+00
1.418820517418392768e+00
1.425496452553478566e+00
1.430661366775260346e+00
1.434502664186016574e+00
1.432802339647567980e+00
1.430146369122204941e+00
1.427002491485870994e+00
1.426013258972234299e+00
1.422072466027233029e+00
1.404387011104055727e+00
1.393854633834669343e+00
1.392555287607607717e+00
1.390387016544076149e+00
1.403063892900570764e+00
1.433665022246010334e+00
1.434351911973839044e+00
1.447539090411483542e+00
1.440708130383322461e+00
1.440168511362133197e+00
1.443376039648409437e+00
1.444035254426142556e+00
1.439459663844296466e+00
1.431182820964548075e+00
1.430980735575008156e+00
1.432469394874243740e+00
1.439919417593339634e+00
1.447595129956817050e+00
1.437279113188103086e+00
1.432912680312471210e+00
1.424181111616433348e+00
1.419879840601456333e+00
1.428229601510446312e+00
1.431333909249020708e+00
1.409243189967686050e+00
1.416763820356970349e+00
1.428213613155051132e+00
1.419655148703057757e+00
1.414960435273540762e+00
1.420706502518737979e+00
1.438462259057931680e+00
1.429250928756092165e+00
1.429960684422846073e+00
1.422581849401443499e+00
1.415126445475576089e+00
1.417539367970379161e+00
1.413610135911496535e+00
1.413610634611090822e+00
1.403430336077445828e+00
1.397052140149145583e+00
1.399972798479645952e+00
1.420280238231597325e+00
1.439986013858553404e+00
1.440567380960157573e+00
1.444988703008984965e+00
1.452060962651168019e+00
1.447933470058984984e+00
1.444304368585237697e+00
1.444924637793383981e+00
1.442284910115897434e+00
1.440464469188785568e+00
1.439728224456043204e+00
1.443510566180412402e+00
1.444644348531835654e+00
1.448758298731745331e+00
1.441668053703492491e+00
1.448710772338408725e+00
1.459784583662536939e+00
1.459804999381875801e+00
1.457930155022407748e+00
1.463078584968986684e+00
1.457828808775292639e+00
1.467724881049601082e+00
1.464885547401197474e+00
1.472086236461491726e+00
1.471693650982173862e+00
1.468765524595228689e+00
1.468470873259072107e+00
1.472841445894437662e+00
1.472864010050119576e+00
1.472202520652942104e+00
1.470544048871350373e+00
1.469581331984407768e+00
1.471073515864367742e+00
1.466860663937718856e+00
1.463887785121332774e+00
1.460477022151916326e+00
1.467756783622958139e+00
1.465545787028834201e+00
1.462889778247653316e+00
1.464653301863919621e+00
1.466388541678387725e+00
1.476294939970366871e+00
1.468659549920855012e+00
1.462524795856359194e+00
1.470815377972255700e+00
1.463055813314626308e+00
1.464990600473779825e+00
1.465281305776511278e+00
1.475719807123510252e+00
1.468176811370606405e+00
1.469718768965516453e+00
1.467224082444235522e+00
1.465838183680592488e+00
1.469846521113640447e+00
1.467434955721899748e+00
1.468589081471397328e+00
1.468699688253023661e+00
1.468509426911212445e+00
1.466926035800101280e+00
1.465399584774722541e+00
1.467387632000742625e+00
1.464305266455719012e+00
1.459504702957701960e+00
1.459133686637208438e+00
1.453242637026964879e+00
1.450553384960161507e+00
1.453700964419484487e+00
1.450113353613312173e+00
1.446702618892490300e+00
1.446849926152900867e+00
1.450143931824630306e+00
1.448172831153520912e+00
1.451582384799120273e+00
1.451976064840636571e+00
1.453173110305757909e+00
1.451761694615813836e+00
1.454480744470345144e+00
1.450876372314021001e+00
1.449338827078374914e+00
1.443379690567639928e+00
1.440354005510886104e+00
1.443866792136399901e+00
1.448201346029570402e+00
1.446120163450092200e+00
1.448349704204098698e+00
1.446757031886906963e+00
1.444521137618974160e+00
1.441651156695015867e+00
1.440290616694251513e+00
1.437042209705700957e+00
1.438379291967027074e+00
1.444313014958260144e+00
1.446105652496531224e+00
1.441680722549268934e+00
1.440794796840551895e+00
1.439008140000834546e+00
1.435501291023658865e+00
1.433527178384313983e+00
1.430694131679993708e+00
1.434493642773456701e+00
1.434373298270752439e+00
1.431732154314055983e+00
1.427217616644248954e+00
1.424984028110554135e+00
1.435184170334841580e+00
1.433532982082128315e+00
1.434997568927740552e+00
1.440814770209540852e+00
1.446456793524209861e+00
1.443818597447170227e+00
1.447695905059345645e+00
1.448472063321083692e+00
1.449188590108295704e+00
1.448737231188748087e+00
1.453766085897671978e+00
1.454133616498269665e+00
1.453852920700156703e+00
1.454671182630917547e+00
1.456383021006584233e+00
1.455773653991747851e+00
1.452035179418246891e+00
1.449995938731444500e+00
1.450233185444589568e+00
1.447834903675027096e+00
1.450324080509541869e+00
1.453831100365923223e+00
1.451238608231442573e+00
1.450218833839425736e+00
1.449849104796290478e+00
1.447744415733512646e+00
1.442541491008580090e+00
1.440779370245736990e+00
1.443132284317693914e+00
1.445471558965148562e+00
1.444752720738913476e+00
1.441838016471797879e+00
1.444556388195401553e+00
1.445393542999789060e+00
1.443954561615319987e+00
1.447293813232217730e+00
1.451543625092634793e+00
1.445088207040819306e+00
1.442418063258424699e+00
1.449135633307186311e+00
1.451636488906710820e+00
1.450428463730013995e+00
1.448662335187431482e+00
1.446131177106509291e+00
1.446053937607046258e+00
1.448603281411407151e+00
1.445846541438690736e+00
1.446690385384667543e+00
1.444001300528813925e+00
1.445599113633791788e+00
1.439086609084362367e+00
1.438741625919947031e+00
1.447716256693823533e+00
1.450090309119553389e+00
1.446807380300651369e+00
1.444153614184785939e+00
1.435218992363205048e+00
1.434361232944022291e+00
1.431653763992150274e+00
1.441428482722518556e+00
1.445334489460229577e+00
