# Dollars held by NPM portfolio at market open on each day of training set.
1.000000000000000000e+00
9.995002498750624742e-01
9.849190317615841295e-01
9.830357654627240871e-01
9.799110800091237472e-01
9.624870482419126683e-01
9.554450867871642217e-01
9.607126543846604694e-01
9.536129030693895059e-01
9.494756971410186486e-01
9.477877486850231348e-01
9.608871730832311275e-01
9.677355630952735321e-01
9.524778959988349225e-01
9.639834176335565497e-01
9.776870229245285815e-01
9.795558529564220018e-01
9.594623117753334762e-01
9.552347022845066871e-01
9.491222616529867429e-01
9.485664090320500286e-01
9.458496186327182143e-01
9.292448629321434783e-01
9.174770355008619038e-01
9.235868500588861885e-01
9.484817505709614016e-01
9.441383869991580857e-01
9.324962657843781644e-01
9.313696087753541297e-01
9.274372947254451161e-01
9.243038177750682038e-01
9.236110523489962087e-01
9.231541441193810149e-01
9.327521046930433712e-01
9.386214232582404948e-01
9.476069382326073320e-01
9.361929164646742851e-01
9.381357306630749848e-01
9.672779128865723886e-01
9.541806787466211581e-01
9.464458885778602726e-01
9.512345612763052349e-01
9.454403605683275869e-01
9.451215051187298322e-01
9.441768515361974590e-01
9.283380342243262584e-01
9.316314144462926050e-01
9.235194215997500899e-01
9.450474096851047001e-01
9.444234072398035584e-01
9.419210140272977760e-01
9.388426012639499163e-01
9.405488146547303918e-01
9.550516019566925863e-01
9.425916166123116113e-01
9.408892879907859719e-01
9.431459724918119791e-01
9.511235602388617982e-01
9.406524817300956354e-01
9.322404317786635586e-01
9.377314728401989763e-01
9.442009140859253247e-01
9.452813405741053998e-01
9.446449852607744502e-01
9.484730047614068349e-01
9.401530662486755618e-01
9.398559263222948656e-01
9.404007626253385599e-01
9.380629146278476327e-01
9.322182881981267988e-01
9.356656257781686969e-01
9.326356200837297994e-01
9.383627983350121271e-01
9.352053729949098004e-01
9.332070720535002861e-01
9.382632434427479184e-01
9.379925879157450241e-01
9.417145822611203698e-01
9.391449992154690118e-01
9.304793801726003455e-01
9.246253295565969310e-01
9.235490174094809213e-01
9.240156521968666548e-01
9.145471494009473901e-01
9.275692802912586243e-01
9.206426187063792010e-01
9.295340562619246461e-01
9.202178296168621596e-01
9.206189000075977180e-01
8.119771548014778073e-01
7.922573053910888508e-01
8.000996076435022974e-01
8.108089026349564188e-01
8.054763387969315902e-01
7.800680160998805235e-01
7.753552351684415145e-01
7.875390216845968849e-01
7.804947494990354118e-01
7.769318638257016740e-01
7.724036721949220086e-01
7.737071653712294106e-01
7.812022733866758051e-01
7.917342780155518511e-01
7.993974322140772193e-01
7.955638607641668525e-01
8.003953854970251580e-01
8.000053310062110734e-01
7.990108918031423313e-01
8.119679715239705997e-01
8.153997865415156809e-01
8.077280265779782642e-01
8.223089312760635261e-01
8.260156295729378373e-01
8.391430993231085989e-01
8.330462907772034908e-01
8.408058701301607263e-01
8.291683082318245246e-01
8.183640174069096718e-01
8.307451883403209614e-01
8.021448185384183471e-01
8.098488676994080038e-01
8.075152891421149004e-01
7.887218085888471064e-01
7.803871543971901970e-01
7.593311859691920240e-01
7.721572929143147856e-01
7.871528191672911845e-01
7.867883989104359488e-01
7.747161976966908670e-01
7.840791397263506823e-01
7.815050654979355249e-01
8.095960205812212651e-01
8.254421988730615833e-01
8.283233237861408194e-01
8.063547596995880307e-01
8.164386909147202109e-01
8.059085916230019908e-01
8.193032723259711103e-01
8.230625410469467607e-01
7.999126175982201881e-01
8.040516293670262327e-01
8.134057162469011670e-01
8.279276640050577951e-01
8.259898570022906616e-01
8.401672665242454485e-01
8.258323095261175251e-01
8.193688217615718861e-01
8.155986829355713619e-01
8.162564206783706755e-01
8.171230500092901972e-01
8.169595091697184897e-01
8.157120488807417802e-01
8.244416534477986280e-01
8.213742324752026924e-01
8.310292725853877238e-01
8.395354008599987816e-01
8.354760392453863815e-01
8.313157182537330714e-01
8.461150076803369835e-01
8.497330523634712973e-01
8.539563797791773769e-01
8.442427359018098709e-01
8.276677851165413768e-01
8.301525680949640718e-01
8.484278857041771538e-01
8.335249874686444516e-01
8.374975009411464999e-01
8.416805051658954318e-01
8.632257925414281718e-01
8.714591485381075753e-01
8.599069339332107154e-01
8.237240830637519995e-01
8.262616841352903307e-01
8.252547478273782877e-01
8.185878649827924569e-01
8.254571272381132641e-01
8.278349526468492536e-01
8.560165590327377672e-01
8.292440339689484130e-01
8.354535612569579106e-01
8.330981210631288603e-01
8.322654445354262798e-01
8.539578452860763225e-01
8.668291021694951581e-01
8.719887979243308163e-01
8.810645959274987504e-01
8.928334616273079227e-01
9.203462320312666423e-01
9.267480263780942806e-01
9.026478287431500824e-01
9.027219661437506648e-01
9.137598270047879723e-01
9.078081764185947922e-01
9.222155207546479661e-01
9.240160346063361896e-01
9.352256165800681975e-01
9.293744990238770320e-01
9.167577679726213180e-01
9.351987423144901834e-01
9.069757116484408188e-01
8.532952983122938928e-01
8.626067943941202465e-01
8.348716351206960651e-01
8.023478239463778250e-01
7.909151099783106043e-01
8.026880087930202690e-01
7.275646165762190698e-01
7.395612906551038979e-01
7.444194484973856163e-01
7.517066852190594783e-01
7.410620769831711696e-01
7.507080893771624908e-01
7.590343981856387812e-01
7.516144650622705869e-01
7.789632809990236773e-01
7.896482667536544042e-01
7.899122365100473830e-01
7.979251562359889194e-01
7.971356542743405216e-01
8.349859063208260324e-01
8.280459302620859496e-01
8.323189223694488215e-01
8.314870211042607595e-01
8.306559493360412549e-01
8.497806765396473949e-01
8.605015409857981190e-01
8.702676294700958382e-01
8.740655553141952749e-01
8.637569048825920470e-01
8.661456910010463250e-01
8.638346293512347840e-01
8.958361982024213299e-01
9.086435388734530605e-01
9.068960257723062135e-01
9.141428586560925718e-01
9.063204697639211105e-01
8.987916398913339266e-01
9.054411585022581477e-01
9.177160067139308319e-01
8.988360787521540995e-01
9.001251242715595513e-01
8.945348037186068302e-01
9.471058817998410095e-01
9.145381322562610160e-01
8.862813515958319899e-01
8.953533719283580661e-01
9.005028604553105831e-01
8.994770609425390973e-01
8.811749881088691838e-01
8.820820114114025223e-01
8.929799044658122131e-01
8.873603058665566756e-01
8.947606873232730740e-01
8.849490398896888710e-01
8.796825537417506391e-01
8.823366990797107956e-01
8.630044524881427259e-01
8.977501041608544341e-01
9.144145298449380954e-01
9.056106094810596474e-01
8.607150012029343156e-01
8.270176492367274923e-01
8.283614282326515754e-01
8.283328394484902324e-01
8.335240935181579269e-01
8.301530717693844652e-01
8.413080958600100967e-01
8.281611081132583818e-01
8.114135408962452889e-01
7.888034508592705052e-01
7.687433623646079406e-01
7.942987749788131824e-01
8.017306581250570607e-01
7.891339514673499922e-01
8.291946277479773642e-01
8.335459498303510184e-01
8.514716613653912081e-01
8.444808005434101261e-01
8.673248168408823622e-01
8.352619341779877749e-01
8.514105553849495855e-01
8.443811681932394952e-01
8.397429295507750080e-01
8.340873519483374965e-01
8.557823850507001451e-01
9.006417355785651946e-01
8.898766007757268337e-01
9.207455166121679691e-01
9.326064779457756693e-01
9.285007615519429436e-01
9.347125741205476457e-01
9.356549473026976038e-01
9.330634226401424147e-01
9.514396192438984157e-01
9.521361606013711842e-01
9.656945276790979138e-01
9.652553372741178306e-01
9.713174234363560755e-01
9.444323082434691319e-01
9.362248726574082802e-01
8.971463123735955447e-01
8.967556548783862658e-01
8.597596066410360116e-01
8.759767354738124956e-01
8.546831245706161262e-01
8.281590093109953976e-01
8.654042428813684129e-01
8.759205321223747509e-01
8.973698536436623963e-01
8.951689778814813092e-01
8.697616825114912187e-01
8.752378399971764145e-01
8.815749748743082481e-01
8.760759826791869598e-01
7.609328131456385425e-01
8.075835558765396271e-01
8.190096817871146406e-01
8.427447171324656816e-01
7.758960058680560712e-01
7.785999986337671652e-01
8.011332811052174208e-01
8.331305281044832922e-01
8.457491610179898034e-01
8.987774691807868255e-01
8.887126055216609810e-01
9.274698422735151437e-01
9.115463249298724202e-01
8.500062634356986280e-01
8.749597877109239752e-01
8.715777640934573300e-01
9.152481481037753053e-01
9.410691084239921622e-01
9.253152368096969616e-01
9.155199039898301860e-01
8.868248186433019820e-01
8.851491917864230397e-01
9.102835725312958814e-01
9.383502885372491109e-01
9.390863605235819644e-01
9.521431295633169256e-01
9.384613875260605642e-01
9.657461171330176120e-01
9.533962381613667603e-01
9.427536763527791797e-01
9.327299676644085213e-01
9.237551872166178679e-01
9.258821178147648157e-01
9.353348921874177213e-01
9.603825020592886563e-01
9.710943994165381898e-01
9.710390093756977592e-01
9.684986185342233656e-01
9.072794295331594316e-01
9.554761155644544424e-01
9.576241633733012515e-01
9.395000616791487902e-01
9.612270452874664972e-01
1.006826718552175315e+00
9.687279095233157777e-01
1.008849779509390254e+00
9.894520124409913464e-01
1.028081744059978542e+00
1.012994596146932658e+00
1.034507400065644012e+00
9.953899037041293862e-01
9.853769264713192477e-01
1.047371028553423011e+00
1.052801713118547644e+00
1.072888397093843205e+00
1.082089398871663333e+00
1.114746460617807688e+00
1.098936293952671894e+00
1.113450548794383543e+00
1.053561908197665042e+00
1.061461298960628241e+00
1.031464894016537404e+00
1.094301931991535470e+00
1.126455689935126792e+00
1.124938244426564982e+00
1.123012619311302362e+00
1.077417785009196605e+00
1.077170158894683594e+00
1.193504488178214418e+00
1.176269764730429213e+00
1.171961087651768763e+00
1.013680101786425425e+00
1.042932654370722245e+00
1.168013754894317247e+00
1.207996069963255925e+00
1.204240324132815898e+00
1.250661258556900357e+00
1.310343468255516619e+00
1.308792765574517514e+00
1.322361411287836575e+00
1.380512734281940324e+00
1.358802902091558407e+00
1.442928494430373521e+00
1.480920699861152157e+00
1.521073981874399905e+00
1.546527035667186079e+00
1.450565770361134987e+00
1.445407994934797324e+00
1.471298077354252998e+00
1.432305981100714831e+00
1.424234595601561848e+00
1.397920373006309003e+00
1.417912730534692800e+00
1.439062849371885999e+00
1.487779157512225003e+00
1.524472425550748689e+00
1.544854404581765817e+00
1.570014050273569994e+00
1.581544796724952961e+00
1.596652900875188852e+00
1.499147836319624449e+00
1.546146548920325214e+00
1.508225563579907558e+00
1.516904051412018894e+00
1.501412733549241540e+00
1.484565879240061559e+00
1.494265590270783539e+00
1.450952014674742774e+00
1.529035134330583023e+00
1.420948650884076070e+00
1.297049696685575348e+00
1.268311459002703590e+00
1.253072677042563754e+00
1.257199842669110446e+00
1.268311467189314534e+00
1.429112370939082721e+00
1.431175951023206272e+00
1.450202144229969514e+00
1.439561316291851689e+00
1.455528666119422665e+00
1.455945214902077511e+00
1.493744305507587855e+00
1.527831309254502168e+00
1.437039333387514661e+00
1.491601456388036429e+00
1.475669627534212713e+00
1.513089962970397329e+00
1.556997797121624005e+00
1.478859268548252448e+00
1.536011224758230709e+00
1.528929519034016193e+00
1.528030413361076700e+00
1.619439483275553204e+00
1.684138480887055644e+00
1.645458314282940870e+00
1.604411426452853284e+00
1.723671326272990356e+00
1.702625477965080014e+00
1.666354944733166921e+00
1.663347407228624730e+00
1.608800384061799038e+00
1.587655004209883147e+00
1.574765994533154245e+00
1.597935564245263729e+00
1.540059805128024539e+00
1.478419782298704410e+00
1.463780296577273488e+00
1.641706426932625140e+00
1.625396664412197545e+00
1.666894795167438881e+00
1.607606893162417672e+00
1.582336649611581381e+00
1.706366654143782746e+00
1.593308536862914515e+00
1.612446462867710650e+00
1.632160009077490592e+00
1.643705253527480759e+00
1.646059094566919345e+00
1.626977446661590276e+00
1.638008824225241522e+00
1.592932326701453460e+00
1.663821710242998853e+00
1.642874318259216482e+00
1.714195202549596564e+00
1.887094247139117886e+00
1.932480250437522251e+00
1.966727566212550071e+00
1.968057551432424335e+00
2.011448576777907338e+00
1.994491153912202774e+00
2.072960736029806572e+00
2.090486603029201085e+00
2.209256485146742222e+00
2.161787839702365321e+00
2.181702523881202449e+00
2.212265474954867805e+00
2.160699542119220773e+00
2.096751602725917429e+00
1.925464536926541959e+00
2.065651984611613479e+00
1.943933739306306085e+00
1.824517024963573819e+00
1.859773382513159046e+00
1.836600860408452274e+00
1.874416155836989395e+00
1.872542676281859109e+00
1.911093367010711308e+00
1.868036778618574312e+00
1.892660643529764153e+00
1.883796051690491025e+00
1.919817249343652721e+00
1.888017292330364416e+00
1.875587680778421973e+00
1.985401229178548776e+00
2.026192350523215779e+00
2.023871369519173236e+00
2.060011912293892689e+00
2.029184446282411791e+00
2.066364690407842097e+00
2.042752687995248451e+00
2.112825692240005715e+00
2.186022076931158242e+00
2.067018290276791515e+00
2.182570532877347258e+00
2.199444147622984680e+00
2.166124092477372365e+00
2.083729446059635393e+00
2.175610421139100747e+00
2.156389326050605959e+00
2.221857307925790170e+00
2.216151381023314659e+00
2.221406826643847587e+00
2.192785508462807176e+00
2.277013120215867659e+00
2.358436764165816157e+00
2.487904899056230246e+00
2.484166922712876868e+00
2.380853676068077185e+00
2.448179731236435952e+00
2.469250870792022656e+00
2.343321243663981424e+00
2.385519299458035203e+00
2.339167881359705881e+00
2.428548008809550129e+00
2.371397890415721577e+00
2.313594367925107420e+00
1.943410496720836989e+00
1.902691883186094612e+00
1.861576247150850349e+00
1.884039888493109549e+00
1.969738267906786522e+00
2.026462789075760718e+00
2.055691109690838125e+00
2.129671646519935013e+00
2.047694822953283644e+00
2.261376529955342551e+00
2.041634882085564318e+00
2.062473482441113504e+00
2.201105037072828452e+00
2.115337747343971397e+00
1.993356913786676898e+00
1.875653066560892146e+00
1.935950523042362370e+00
1.945598101444145467e+00
1.938995147625428128e+00
2.003950877582339363e+00
1.965994470290325813e+00
1.954939205511682765e+00
1.791566980151089172e+00
1.679171811933951375e+00
1.693297983587649158e+00
1.686451560738031485e+00
1.642706657936510384e+00
1.562802010729249291e+00
1.577014884282479823e+00
1.738460429674710594e+00
1.751470887242584151e+00
1.648166988431261748e+00
1.659123458915917615e+00
1.724471001942593285e+00
1.787228839936823910e+00
1.833426297271842254e+00
1.819238818633697408e+00
1.812274413810968765e+00
1.841744336074033983e+00
1.853078924818523099e+00
1.856762590606740870e+00
1.863574539224094995e+00
1.730723865747270107e+00
1.657302528635872685e+00
1.562774770868187613e+00
1.682738407391216828e+00
1.555919699401667522e+00
1.369643001662315340e+00
1.432517311208126864e+00
1.352071126765593823e+00
1.430534682772768296e+00
1.274504438998067313e+00
1.312406896255767563e+00
1.140764906606836604e+00
1.211569570750990810e+00
1.369789951172525111e+00
1.355560128079700499e+00
1.272012816686344916e+00
1.207634661790922159e+00
1.157575633533419746e+00
9.640925689939585652e-01
8.815540631797994520e-01
9.606623864443963878e-01
9.310771613517913048e-01
6.086752790080667275e-01
6.270252854628544092e-01
5.996903402450036724e-01
5.473584882961253228e-01
5.769586869791482053e-01
5.893874880981415654e-01
5.874250424142390958e-01
7.135120815412273609e-01
6.335424965500381367e-01
5.463212803032804210e-01
5.660775947187246526e-01
5.745523245394063006e-01
6.638240922079320372e-01
5.912425691716247655e-01
5.429614268659526122e-01
5.182657066945222102e-01
4.981089979434979442e-01
4.683437280236260047e-01
5.192703468654326082e-01
5.795510226781722674e-01
6.041986076322839461e-01
6.345214900975618688e-01
6.067259410353466054e-01
6.563905398822560411e-01
6.339863740543449921e-01
5.645436423043526109e-01
5.950982145016863178e-01
5.799568021996439615e-01
5.774929783041017339e-01
5.589304010674898127e-01
5.795463589578754293e-01
5.588640756414917643e-01
5.122628887439577561e-01
5.033349996839312501e-01
4.813017724297599664e-01
4.791443504230659678e-01
5.230516055249515572e-01
5.385348957605100573e-01
5.268152508394604583e-01
5.240941194583388363e-01
5.322692732489476830e-01
4.506605170795232596e-01
4.738941877747315234e-01
4.732387317867555176e-01
4.408561483207855680e-01
4.645588912997578590e-01
4.570435508663397983e-01
4.564011160780107046e-01
4.707060788369818449e-01
4.619331691307895782e-01
4.829456558892836204e-01
4.818430145069224069e-01
5.052214071282020713e-01
5.216160574535829708e-01
4.950688905298540332e-01
4.874242465547147796e-01
4.632201992349201380e-01
4.588255439030787253e-01
4.494809073442183056e-01
4.460420958866923025e-01
4.629366818307710796e-01
4.888583866518709242e-01
4.973684941229930545e-01
5.167084444402820775e-01
5.439036031830700724e-01
5.652009051355120217e-01
5.451994329430004393e-01
5.634356867008261105e-01
6.030465749212933213e-01
5.756112845463451366e-01
5.945076896030417890e-01
5.899630762978039789e-01
6.296198732287858757e-01
6.462213247061123766e-01
5.860819811929747214e-01
6.125871398025670711e-01
6.168870256998266743e-01
6.187510775401534602e-01
6.156257570002666712e-01
6.573364786591135989e-01
6.730416317373286716e-01
6.627527996952333744e-01
6.495710370136207334e-01
6.495914694131208478e-01
6.777326994496351009e-01
6.627976963551173162e-01
6.691431507463004857e-01
6.664381788322031319e-01
6.707572624215042412e-01
6.720028174808404531e-01
6.630049880887931568e-01
6.724871057122371321e-01
6.779990160442572744e-01
6.294630317666862762e-01
6.250396332942631528e-01
6.368188497535285375e-01
6.485760624602662228e-01
6.369252587662388443e-01
6.592074778140170066e-01
7.326537288671250980e-01
7.442314545154932182e-01
7.630452686382572791e-01
6.961114827645470404e-01
7.268648377626758528e-01
7.441108434508905134e-01
7.221613762932570513e-01
7.186639348366731239e-01
7.301210670840251327e-01
7.620804490544358378e-01
8.075834025869241817e-01
7.655959187053726911e-01
7.585233907195871872e-01
7.586636039005038024e-01
7.996626410320162304e-01
8.257600045370984132e-01
8.465787321105787688e-01
8.091922212854740781e-01
8.382802704373275571e-01
8.141416730803510138e-01
8.059142355331603280e-01
8.042230264427415731e-01
7.990450365295657109e-01
7.601309445848750679e-01
7.430698519688463399e-01
7.719039663945288510e-01
8.274871074805549842e-01
8.474059794205098806e-01
8.228697584234774265e-01
7.983912624590088214e-01
8.172436064691358526e-01
8.392378766005220703e-01
8.348495322216753500e-01
8.389669973367616107e-01
8.346297993456850417e-01
8.475477522790851870e-01
9.025385941659480604e-01
8.960914942608572131e-01
8.859609684355016501e-01
8.792840292242110056e-01
8.696648399767156201e-01
9.102899999577505064e-01
8.660553954987612046e-01
8.636195549260692328e-01
8.958666697291850500e-01
9.042326888758291936e-01
9.385135983069126109e-01
9.800807677155748410e-01
9.775155877631980239e-01
9.667390983631800605e-01
9.169001978021809052e-01
9.564634801777799344e-01
9.227112009923817970e-01
9.639426970498299330e-01
9.235351708159522666e-01
1.003195336409629546e+00
1.021484890499946507e+00
1.086300283853072646e+00
1.071904872124474828e+00
1.047049510058013277e+00
1.011429823077137025e+00
9.981996623614846076e-01
1.017196840003661507e+00
1.019908005853005895e+00
1.030385505069068230e+00
1.040826061333632646e+00
1.100362909386308319e+00
1.108600860452348069e+00
1.059527718039459998e+00
1.093444061857724137e+00
1.068728906797075773e+00
1.059506972952266812e+00
1.125520244984848484e+00
1.146539230998039116e+00
1.181420330006674346e+00
1.152475846386243008e+00
1.102313615350963838e+00
1.057100758148452613e+00
1.020469661043225562e+00
1.011296946233410043e+00
1.026011580145409718e+00
9.337107024685700196e-01
9.677454561714446957e-01
9.708315165781218337e-01
9.643859935176265497e-01
9.536524327317768002e-01
9.607768373479307344e-01
9.526346606918139059e-01
9.088704749628814250e-01
8.671418242002515431e-01
8.672918691628935806e-01
8.534222906396694563e-01
8.473180999499123622e-01
8.910614776260639136e-01
8.561355434299076084e-01
8.790376081613977544e-01
9.049413377229300615e-01
9.721068039920930381e-01
1.057305743823284905e+00
1.083241982639776779e+00
1.083083856700263636e+00
1.081035673703200972e+00
1.079090493148276542e+00
1.109589584528800854e+00
1.141430793557810519e+00
1.145610104576814114e+00
1.105032318052970641e+00
1.069938013753861661e+00
1.122553058479260679e+00
1.144659776077946889e+00
1.222568122134473523e+00
1.241081556577352529e+00
1.253166745222328071e+00
1.249795185083840465e+00
1.300568750126747553e+00
1.297627300649380144e+00
1.281838085789423154e+00
1.343299985046778167e+00
1.358268442952054400e+00
1.332546121458358712e+00
1.252706761997144591e+00
1.317382646102123855e+00
1.351877225806851879e+00
1.344986547907006891e+00
1.370282829882932374e+00
1.358913055916867618e+00
1.351542031259688414e+00
1.330033875291443124e+00
1.304696952742401050e+00
1.304973052319707394e+00
1.272397093171506288e+00
1.208473333381884895e+00
1.237570260805169520e+00
1.235643987599742921e+00
1.253391756160482373e+00
1.311958072921602936e+00
1.350279238016651284e+00
1.301474000987586477e+00
1.263696109401919232e+00
1.266944424893350352e+00
1.297997405895568779e+00
1.324983782609435279e+00
1.316962011861149362e+00
1.311881835571400146e+00
1.296480876804891436e+00
1.334348284381872363e+00
1.294173856431920067e+00
1.254748700436996156e+00
1.254748693499240453e+00
1.280460757498209423e+00
1.286460232295765227e+00
1.295448955510972722e+00
1.221380736705139913e+00
1.203131254110408666e+00
1.227396315023393747e+00
1.270774054899656669e+00
1.282954994716215102e+00
1.316393683387288682e+00
1.300672723952753795e+00
1.315930428594352719e+00
1.309149224464054351e+00
1.329492842035483458e+00
1.349616360096457024e+00
1.331899653745679091e+00
1.351229418829670514e+00
1.334809816030705143e+00
1.353309303576696987e+00
1.407399669365876793e+00
1.389902842080638079e+00
1.334968230957386037e+00
1.311313707661283079e+00
1.266346567489346153e+00
1.266346583489465605e+00
1.205638164474587271e+00
1.216995366188507566e+00
1.292363456201269356e+00
1.282069773181926164e+00
1.355829533786293783e+00
1.346298485583337756e+00
1.407077244782822811e+00
1.652369051516946907e+00
1.644265245616480797e+00
1.602125386358722814e+00
1.588380494508502050e+00
1.639297075401385362e+00
1.656377302122646000e+00
1.641721242951700299e+00
1.613919974874286289e+00
1.597122468463821443e+00
1.612477747966452268e+00
1.621045362168064052e+00
1.643340155580457207e+00
1.596206133696184137e+00
1.599164813909793370e+00
1.677370865100988206e+00
1.689955640170701434e+00
1.713410903041086897e+00
1.733128061059925784e+00
1.689636033499068990e+00
1.674145716593320232e+00
1.663544625982447123e+00
1.692258917957701669e+00
1.700819582487356207e+00
1.704970695238119394e+00
1.688357487734343909e+00
1.695149964494444328e+00
1.668442501226702346e+00
1.637000710367048084e+00
1.656827791096243230e+00
1.664532163263712228e+00
1.696252995952963305e+00
1.696233053144262870e+00
1.700733415736420451e+00
1.677621434112989807e+00
1.668838894856230493e+00
1.667994898113736024e+00
1.723416528099933620e+00
1.763646448885302753e+00
1.829334945736705853e+00
1.830435224462546806e+00
1.853216359002777924e+00
1.789502881857852001e+00
1.761180480631014067e+00
1.776955930544070972e+00
1.735488518372852340e+00
1.697697956657711948e+00
1.788002824841085747e+00
1.775205352344759291e+00
1.632163161266051654e+00
1.595725160119539243e+00
1.679325243917589860e+00
1.679469289322281123e+00
1.720651662265251902e+00
1.754112333163324156e+00
1.781138260275382912e+00
1.843641162829309010e+00
1.845627471315364865e+00
1.880853226234689979e+00
1.821303156082720198e+00
1.914734655465533342e+00
1.879931134222917688e+00
1.964404234383633208e+00
1.981596016421547146e+00
2.111489740406506499e+00
2.114355041560814108e+00
2.221803899694169360e+00
2.185510073818820675e+00
2.346961729200230273e+00
2.370139733251834802e+00
2.409920204571072588e+00
2.330816497118923802e+00
2.383301606478188894e+00
2.489447296996573744e+00
2.526306027369447094e+00
2.554417932009691139e+00
2.627549351090572305e+00
2.560642024654645077e+00
2.532218176995585157e+00
2.620117421906072774e+00
2.609520651769953847e+00
2.613154667982014345e+00
2.634235674746830291e+00
2.607768601932501262e+00
2.576515024202205684e+00
2.551855701461540171e+00
2.578613343141050951e+00
2.529565415799190475e+00
2.461423501217773424e+00
2.431178418991390089e+00
2.433416576564775724e+00
2.410848697984859790e+00
2.385707392837118856e+00
2.306725081424581880e+00
2.365364240997316347e+00
2.397700670593646777e+00
2.342432958149998967e+00
2.331196828308172098e+00
2.235527018867041082e+00
2.265818713540436846e+00
2.238134456174726949e+00
2.159023252213755129e+00
2.127249078658425496e+00
2.074724422088029208e+00
2.049977588748532753e+00
2.051587828670818237e+00
2.077500021498291716e+00
2.086137410304313100e+00
2.033079108995249129e+00
1.980918051018681680e+00
2.018421165981298504e+00
2.023815794164772530e+00
2.032156914174855888e+00
2.056768667024845509e+00
2.008186393199475006e+00
1.882395216867236432e+00
1.881311273125161998e+00
1.917143148713043921e+00
1.749007736155496318e+00
1.647950790251860198e+00
1.521983615343400542e+00
1.478017731652428779e+00
1.427201317670116598e+00
1.339319705481182510e+00
1.461401119210431254e+00
1.355350687813016819e+00
1.372121475416576031e+00
1.346965303053694996e+00
1.290733855918098971e+00
1.265084424472792124e+00
1.218485572215057600e+00
1.216452374407310577e+00
1.129252260671458563e+00
1.191946681075982006e+00
1.179266303254266068e+00
1.179917524474957125e+00
1.216190014799314989e+00
1.317094840268164369e+00
1.306271330171446143e+00
1.250132664833756735e+00
1.310825078035758651e+00
1.290672979226693551e+00
1.216398406699234602e+00
1.174755943297993266e+00
1.207154377034821424e+00
1.202328689482730084e+00
1.299884423684569024e+00
1.327126403666646581e+00
1.353263968289750929e+00
1.418423844099879316e+00
1.387132382501961470e+00
1.367253103342098930e+00
1.416951301141506914e+00
1.434989903027392044e+00
1.377560863701055016e+00
1.408852318671792947e+00
1.357681570362464507e+00
1.382346603253911566e+00
1.341483637626935455e+00
1.250186213165241700e+00
1.245626744000981390e+00
1.254135707191661231e+00
1.216547294706265214e+00
1.248583020471359495e+00
1.289425693712110466e+00
1.292892960449474549e+00
1.349078078726398733e+00
1.305907597431729350e+00
1.339872617923110409e+00
1.361048401017501908e+00
1.399707546603821351e+00
1.329468744894380494e+00
1.340679149254929259e+00
1.350366407526649937e+00
1.329478981570375362e+00
1.386982905563553192e+00
1.450223865930297729e+00
1.498277332470505208e+00
1.494687730690639649e+00
1.504748225912132309e+00
1.497672530863267459e+00
1.512877915147319507e+00
1.582739473830669485e+00
1.554739188814374007e+00
1.573679248580710954e+00
1.551623742373564818e+00
1.556953883363211721e+00
1.620541170247132401e+00
1.586892668080670088e+00
1.558831745008578684e+00
1.575485783504799731e+00
1.561250456345453896e+00
1.613146246746479884e+00
1.665428619797954868e+00
1.733718397960135160e+00
1.694008034650699823e+00
1.696414720000197329e+00
1.790275523031642724e+00
1.740336741401271148e+00
1.684200379865240960e+00
1.692433612587092906e+00
1.767700267628933952e+00
1.735187153853063657e+00
1.746560607567479773e+00
1.836760686711020885e+00
1.851362619395651610e+00
1.885997188804595881e+00
1.875462140076229911e+00
1.895445342991472826e+00
1.843986648860949540e+00
1.844853932994350743e+00
1.902383642441358935e+00
1.778073234632086663e+00
1.779184102068360751e+00
1.806996075157760950e+00
1.795636249638820514e+00
1.765865675744109131e+00
1.746882323003073445e+00
1.715889388001905935e+00
1.707234365215010374e+00
1.760494828880061258e+00
1.698587243836911842e+00
1.711025991042152139e+00
1.715065005344309723e+00
1.715935814589035102e+00
1.705633951313730190e+00
1.680104019341022825e+00
1.720960371183362980e+00
1.755067206236725186e+00
1.737884185087745781e+00
1.800222612558157964e+00
1.828594589996386910e+00
1.810212746627159586e+00
1.883740117748011089e+00
1.867086696810901447e+00
1.832922372338476213e+00
1.810516325930414450e+00
1.738519298066079966e+00
1.786071310967047632e+00
1.753040367380161557e+00
1.774132922982500027e+00
1.772942126112916350e+00
1.769374840173537411e+00
1.772951932016813448e+00
1.767655021631956425e+00
1.835435199000840623e+00
1.835888033082745618e+00
1.880515293097488216e+00
1.904753064824014519e+00
1.862452880716392256e+00
1.890048781130782896e+00
1.882754643874624989e+00
1.955041494889920628e+00
1.948199986334330225e+00
1.959081016073564552e+00
1.896882884140087544e+00
1.870308435085358045e+00
1.787978164731524267e+00
1.801568877739581742e+00
1.897088242268948344e+00
1.960417938927466075e+00
1.951990873317542841e+00
1.931484993504249070e+00
1.970249525484490061e+00
1.951442963022919974e+00
1.948624725549238157e+00
1.928784187473992162e+00
2.013815063276987782e+00
2.035870260961726963e+00
2.079268692786954364e+00
2.113188962038037744e+00
2.055114093801037267e+00
2.068472988248878597e+00
2.094329934652107372e+00
2.090364351074568638e+00
2.086294217359851544e+00
2.054230628124763314e+00
2.002557846263562258e+00
2.007577900332504495e+00
2.045518078646517690e+00
2.027591214207842718e+00
1.997300988678661238e+00
2.001009997264004969e+00
2.050463427560796692e+00
2.040385838806228591e+00
2.029880160480835638e+00
2.022223455728474839e+00
1.974780154546567301e+00
1.988633668491114337e+00
1.985758415210980843e+00
1.951132912993543522e+00
1.978309805637867624e+00
1.929165297504805254e+00
1.912178464261722333e+00
1.917587370283092785e+00
1.985327487258811585e+00
2.009074119124546254e+00
2.031424089216251616e+00
2.066355866420950260e+00
2.047090176399894101e+00
2.015427441608673043e+00
1.941097429914724781e+00
1.955680106729784873e+00
1.895037503031154147e+00
1.912287746115067355e+00
1.933116874030733623e+00
2.224929849218070910e+00
2.228620439739684489e+00
2.243989566662828672e+00
2.276703202155681449e+00
2.350205314336347051e+00
2.445071693991288875e+00
2.511444501137138019e+00
2.523419586367924516e+00
2.503040857397801577e+00
2.489474734776221165e+00
2.554158841643999089e+00
2.586394122844125842e+00
2.577976750094755243e+00
2.549029179815438528e+00
2.557146463793232183e+00
2.566355425354298170e+00
2.595915811686228203e+00
2.510733496637823414e+00
2.474144339311455276e+00
2.486640231101823417e+00
2.598470763067031175e+00
2.621472694471664866e+00
2.538893287802853393e+00
2.523006477846124085e+00
2.572765187802631193e+00
2.555079862138192937e+00
2.471749016930995246e+00
2.437277628465940094e+00
2.353690190050556019e+00
2.303951306217697059e+00
2.356015382033737282e+00
2.315226864945566732e+00
2.307916524232142219e+00
2.318871112006954505e+00
2.408480101405011897e+00
2.411593174848990717e+00
2.436151858575505535e+00
2.423004838721315668e+00
2.423299243021832527e+00
2.425065822669953963e+00
2.424624183797257526e+00
2.325254365615098795e+00
2.305380408010076376e+00
2.327342306411432471e+00
2.306856528339150003e+00
2.102113485251114522e+00
2.144231197867677796e+00
2.171775419954081077e+00
2.139980370013182309e+00
2.131754452768266361e+00
2.087294886697539376e+00
2.079723622202434452e+00
2.037455769353460067e+00
2.039404941756099987e+00
2.028818336170484571e+00
2.003614850195976071e+00
2.049444565193250689e+00
2.077194508862024946e+00
2.108154296625417423e+00
