# Dollars held by OLMAR portfolio at market open on each day of training set.
1.000000000000000000e+00
9.995002498750624742e-01
9.842307123951459236e-01
9.789121097855707498e-01
9.789131662206888018e-01
9.722245540141211118e-01
9.663311776168519440e-01
9.654462290893692789e-01
9.577557082618550766e-01
9.645702367939215094e-01
9.581918088652362497e-01
9.664815575972889317e-01
9.709685301115384970e-01
9.661482759481408999e-01
9.690050951988825600e-01
9.733817896212219045e-01
9.730112914318290729e-01
9.695482969949958951e-01
9.673966338039529100e-01
9.625187452807673072e-01
9.603068363546689579e-01
9.579410245861698092e-01
9.486274766380753398e-01
9.417578172716402074e-01
9.553266334581976826e-01
9.731831050116568349e-01
9.702783797041411029e-01
9.666920961806577672e-01
9.653751108688504168e-01
9.692273724545837910e-01
9.691187774464701254e-01
9.726241753667782541e-01
9.721047206568410592e-01
9.678482480768805241e-01
9.685936672546932025e-01
9.713556142489186973e-01
9.697586190901056336e-01
9.672123641982683928e-01
9.653200185343793205e-01
9.650804730717555957e-01
9.670545904863464548e-01
9.650743765658998941e-01
9.671130322599700291e-01
9.616752140215640843e-01
9.627576380477101958e-01
9.592149527606370629e-01
9.627768202702249312e-01
9.614884637346664542e-01
9.673437480314540649e-01
9.591371263296502025e-01
9.539610293431323162e-01
9.597357764686919035e-01
9.626015309553926924e-01
9.586165929319756529e-01
9.598968290024518790e-01
9.653000134002116539e-01
9.657700208633206440e-01
9.611050981401474402e-01
9.629613130942122901e-01
9.693245325854551453e-01
9.689609164633244953e-01
9.676583768529661844e-01
9.656540253443176569e-01
9.651546913147674989e-01
9.666606947743651146e-01
9.656529074007399460e-01
9.660364808438722806e-01
9.684309603465145466e-01
9.723314588299698524e-01
9.720283118000302425e-01
9.745077056855874220e-01
9.784767782647020296e-01
9.775080300977639913e-01
9.773123076305593182e-01
9.777862992893361360e-01
9.782592721351198728e-01
9.788905886929654132e-01
9.747717470260310879e-01
9.705048761088602705e-01
9.733314123310589094e-01
9.784495945721259913e-01
9.775901955138038835e-01
9.768991200757294324e-01
9.771468036033846838e-01
9.697879309098647038e-01
9.646010421320497796e-01
9.601081244446074692e-01
9.667740750887764412e-01
9.589180156708573266e-01
9.572893099695883867e-01
9.654162191311439489e-01
9.603034438279297591e-01
9.526464818846936966e-01
9.580725273700343436e-01
9.570203313815776047e-01
9.531191067792738059e-01
9.598903873164843503e-01
9.666584572468638337e-01
9.653902078104572571e-01
9.683855964728791399e-01
9.672888996404889195e-01
9.641139081837527547e-01
9.664048623934924365e-01
9.711324494696426113e-01
9.695916707593577044e-01
9.676210845242073644e-01
9.673049780325285729e-01
9.692096167304808940e-01
9.676254977842251304e-01
9.670671454802725053e-01
9.659577196101823970e-01
9.664734641348925459e-01
9.697637711416919881e-01
9.651437473982089621e-01
9.670530688806061592e-01
9.682935265252783363e-01
9.664107619323580867e-01
9.672231440666505531e-01
9.727133111376433661e-01
9.726969313546003360e-01
9.773270097371701270e-01
9.756700584915898311e-01
9.741029262179751180e-01
9.742616992583554847e-01
9.732278236521245685e-01
9.728580847449889157e-01
9.756342415737777607e-01
9.731684851319145624e-01
9.680106937701228320e-01
9.699596950360452885e-01
9.705333173297373550e-01
9.718357881628649775e-01
9.723728980632682095e-01
9.720608032090009010e-01
9.721463579242916042e-01
9.715557645295879174e-01
9.693115998026593516e-01
9.676894924493791850e-01
9.670142992032519924e-01
9.714503340015752109e-01
9.710847345484833193e-01
9.721228143851780024e-01
9.699233781106065821e-01
9.687979569254713264e-01
9.727096871520644061e-01
9.725736376758901125e-01
9.726457270002021316e-01
9.708793810818345804e-01
9.721394297965589848e-01
9.726212843084484083e-01
9.747868539833796087e-01
9.734657677383927732e-01
9.777183208865193320e-01
9.776123827016395262e-01
9.794915577988095867e-01
9.774369421181564599e-01
9.749878363484589805e-01
9.724956131259245851e-01
9.693482508814120768e-01
9.674658069027209928e-01
9.692298105448156065e-01
9.692639048072319019e-01
9.685631293647922746e-01
9.632641891913089616e-01
9.624902973281760366e-01
9.667069336471155738e-01
9.675125025024695624e-01
9.638174844795703855e-01
9.588167736564807697e-01
9.575546201270602742e-01
9.643873005142932220e-01
9.610180901104801166e-01
9.637721862910665349e-01
9.640524035604244313e-01
9.686869247042165787e-01
9.685758615712409814e-01
9.691689680144796037e-01
9.709456503171298714e-01
9.705582172572067012e-01
9.692922475507212976e-01
9.685005706534628445e-01
9.687002160331151801e-01
9.690824609306082360e-01
9.707535039619363815e-01
9.719663667110175487e-01
9.716742712949942851e-01
9.718823158268315998e-01
9.738484784455646581e-01
9.737964958492412171e-01
9.752286801912667391e-01
9.757312609464847686e-01
9.738230973145525216e-01
9.739482758499932169e-01
9.731799656008522925e-01
9.723436072167742639e-01
9.687384294210598101e-01
9.664276339353048417e-01
9.682753253735683074e-01
9.662836871045951126e-01
9.653469694892464759e-01
9.695305473317138434e-01
9.705536423554086412e-01
9.683260390206794854e-01
9.683142263888204759e-01
9.661335599684944819e-01
9.686094041039114977e-01
9.656437013116453416e-01
9.663949325136834689e-01
9.668805333234949950e-01
9.623818925114959733e-01
9.611209463245660167e-01
9.608739952215215041e-01
9.607335325677157645e-01
9.618486945043104308e-01
9.599099927542342758e-01
9.602210481399436892e-01
9.604489871485712982e-01
9.589237060295231485e-01
9.572200232778705908e-01
9.545844593852647053e-01
9.546743094289683595e-01
9.529373432450730652e-01
9.519815055965410444e-01
9.538916338055796196e-01
9.495403536924023058e-01
9.508975308935626591e-01
9.487412038139871884e-01
9.492551761900760443e-01
9.483344325487956805e-01
9.463685144435335372e-01
9.463576113202207818e-01
9.460917224742459997e-01
9.474369025375977138e-01
9.469739564764670936e-01
9.498550298699766081e-01
9.533229862843953795e-01
9.519112868766860247e-01
9.534734316709071456e-01
9.525123373750050693e-01
9.516616286034020877e-01
9.514035885690609318e-01
9.520673349328072632e-01
9.529415246676309348e-01
9.539575348216648987e-01
9.515782651417477034e-01
9.538391046298073661e-01
9.553625069455388141e-01
9.562621696318346354e-01
9.576201272209663440e-01
9.546404044368876907e-01
9.557743947016811292e-01
9.543547744477298700e-01
9.537145180999502259e-01
9.534252664966910151e-01
9.524007306535958728e-01
9.536357607064858133e-01
9.523222573639705812e-01
9.527768982538544762e-01
9.525238443091786911e-01
9.571463172899190575e-01
9.574275067049814458e-01
9.580753005334461392e-01
9.557060977795712731e-01
9.584571796254027776e-01
9.557009496022360606e-01
9.588525520828676818e-01
9.571593090377449320e-01
9.549330119792796001e-01
9.537440200507897314e-01
9.556439443614328511e-01
9.559808559141126372e-01
9.558647786912103372e-01
9.571649638057103671e-01
9.549932488581025503e-01
9.539425357614803591e-01
9.513532730221904155e-01
9.524744436584697826e-01
9.501378206390808101e-01
9.502583607779123698e-01
9.472824458118092039e-01
9.443404521362009918e-01
9.398987794376753024e-01
9.406430818859772280e-01
9.412192666349993297e-01
9.462694781893008500e-01
9.441277290583548476e-01
9.433014716873908689e-01
9.456968556951036442e-01
9.467040540622626565e-01
9.482984783436168019e-01
9.504712838202742375e-01
9.453671788095018291e-01
9.452746492127329647e-01
9.448875035662960276e-01
9.456901029085328370e-01
9.454741693342061382e-01
9.453219808792110435e-01
9.452060151211391092e-01
9.445623461232351969e-01
9.447410501237178959e-01
9.427615654938151790e-01
9.414852608463262218e-01
9.410121427457808219e-01
9.405798999128207605e-01
9.399461006999331181e-01
9.389842419956925257e-01
9.417158471726961855e-01
9.433952996553035542e-01
9.400936652669538152e-01
9.394386813009444337e-01
9.324996752757177543e-01
9.273108818742071824e-01
9.281765794940770586e-01
9.349504642013032329e-01
9.324346148667673750e-01
9.454512052529526756e-01
9.572191673387692168e-01
9.543745922159300177e-01
9.513522750640956982e-01
9.523241276623573004e-01
9.576185985511704857e-01
9.616863190095368275e-01
9.630972556887581471e-01
9.671248916261232509e-01
9.699978018144036485e-01
9.694934594313455722e-01
9.705386404001113965e-01
9.723233812114229213e-01
9.711289166631782432e-01
9.694586611497589823e-01
9.692943498322850182e-01
9.697581644246340282e-01
9.698924428014636945e-01
9.694833706816858854e-01
9.702628798044311553e-01
9.673122359529044978e-01
9.655730521116230314e-01
9.629928083985760390e-01
9.647082600680535469e-01
9.651839409332355624e-01
9.650988796321654517e-01
9.673382146723470409e-01
9.684299310339515854e-01
9.680071253240700724e-01
9.647197564037824913e-01
9.617633111104691990e-01
9.592045648604125008e-01
9.573183288883944098e-01
9.578946646530668296e-01
9.605015251160512468e-01
9.593940207966232814e-01
9.643262303872061070e-01
9.687980491251528825e-01
9.683679396235864711e-01
9.664877464243487593e-01
9.661102447951661620e-01
9.658711444551888459e-01
9.649034764190179692e-01
9.670549935244434625e-01
9.651684234303957721e-01
9.636699779327798643e-01
9.637316035963046090e-01
9.642745671935148977e-01
9.582463339768519939e-01
9.575431271211215511e-01
9.619983214364959956e-01
9.577534028490176654e-01
9.573285834408709061e-01
9.500152071428538125e-01
9.527154543519855689e-01
9.552962164862937033e-01
9.596511900914067583e-01
9.569504121472968139e-01
9.571438552162868652e-01
9.538322630973616878e-01
9.492999187615402956e-01
9.465712836554618370e-01
9.421068728213395360e-01
9.393145578063243351e-01
9.463421121877437781e-01
9.493211208173181204e-01
9.710306582707585177e-01
9.783929519648767448e-01
9.769884109775618386e-01
9.774972614814798622e-01
9.684312687360198124e-01
9.622563050925210248e-01
9.667760064905277506e-01
9.821578146397463849e-01
9.717670662715421903e-01
9.736215058831970692e-01
9.815056794077674507e-01
9.805073045543776233e-01
9.829963681434837897e-01
9.838392096939613252e-01
9.826051009448646401e-01
9.836815636210460845e-01
9.861499661059612842e-01
9.851730936938343230e-01
9.809776742646755254e-01
9.874207476113654458e-01
9.839708457157637644e-01
9.821364775796773694e-01
9.811622812655784731e-01
9.869954168840558983e-01
9.852270833988773235e-01
9.785988318154621446e-01
9.715372380304222455e-01
9.699546200349469238e-01
9.738706289804062166e-01
9.683891698021522831e-01
9.663305592729356519e-01
9.637256485716532151e-01
9.680993960090431560e-01
9.623961858011458315e-01
9.581302740552422037e-01
9.547747709225028467e-01
9.558520424858204523e-01
9.468875716964447742e-01
9.444990156733086284e-01
9.546459691327195962e-01
9.497293514217792776e-01
9.555083783129216801e-01
9.508325730090899652e-01
9.563413947036212281e-01
9.575345643620355451e-01
9.665296405747567654e-01
9.742145996293219978e-01
9.740025740252343800e-01
9.902809500580814772e-01
9.988236756177043540e-01
9.954699095887316052e-01
9.967624449258114527e-01
9.988064520950244995e-01
9.871368358499741369e-01
9.919779570641302779e-01
1.004484765904248622e+00
1.006010948658558002e+00
1.006524646931563183e+00
1.003727554420735357e+00
1.009219223103783092e+00
1.007208644600027458e+00
1.011656235822982586e+00
1.009254728812894575e+00
1.010702677968286833e+00
1.014876223786974396e+00
1.008872894317038416e+00
1.007415829805138108e+00
1.009018196389465327e+00
1.008370421477681855e+00
1.004025448369814555e+00
1.005461175627988535e+00
1.009194981633668720e+00
1.002340608486487428e+00
1.003521423607203422e+00
9.979931817835220320e-01
9.992987688697678728e-01
9.937361352284770355e-01
9.901522821335173585e-01
9.949940058253730069e-01
9.932592672221243202e-01
9.961945995470615767e-01
9.920778760883246505e-01
9.945602469036246562e-01
9.905225519355822517e-01
9.896097815225034511e-01
9.962662574081559974e-01
9.976995481043479108e-01
9.997005111759597051e-01
1.006955225549911237e+00
1.013983836161747032e+00
1.021734569504926027e+00
1.023732359207763842e+00
1.025337196656100680e+00
1.026920965745956371e+00
1.033595909126804102e+00
1.035239975671401691e+00
1.037937200096329393e+00
1.039743952163055596e+00
1.039317647290343150e+00
1.037667311028145800e+00
1.036277184617619973e+00
1.037693819350768099e+00
1.033543180084863344e+00
1.024051143069789838e+00
1.023990466192562065e+00
1.025534472497278138e+00
1.029884557932276179e+00
1.031478567596206153e+00
1.025171083780878734e+00
1.022615499650568083e+00
1.025822957699559446e+00
1.038672082978370215e+00
1.035616471975339792e+00
1.037201377376381073e+00
1.042128437512225503e+00
1.039778596930211574e+00
1.039445380554112619e+00
1.040688611710188338e+00
1.041703630298881356e+00
1.040944680779290366e+00
1.042281366720640090e+00
1.039553502894719594e+00
1.039051545168792501e+00
1.044835482162834950e+00
1.040112100797608630e+00
1.044148062782416231e+00
1.041127983705455895e+00
1.040607575182738609e+00
1.043148257546010260e+00
1.040441581924529846e+00
1.037417435037935931e+00
1.041768456533531895e+00
1.040163435900610889e+00
1.044190596608289390e+00
1.041320882012461091e+00
1.044330000577107898e+00
1.038337590025149026e+00
1.034988619714955815e+00
1.034112588601808547e+00
1.032568428095669066e+00
1.031810374769100536e+00
1.027992676955725271e+00
1.020943647743764560e+00
1.025981254692757583e+00
1.012739874818238794e+00
1.014666766602607240e+00
1.014691781629623701e+00
1.017276144977593555e+00
1.004214786153915906e+00
9.900712737076523551e-01
9.947902000707722348e-01
9.985363482297128224e-01
9.841021442010650100e-01
9.914874253949251814e-01
9.984518041080286954e-01
9.908254670015127497e-01
9.861292451281469251e-01
9.770066824740124556e-01
9.741643764360393698e-01
9.757695757117068602e-01
9.757753924400195400e-01
9.741416702525829141e-01
9.847242995614615690e-01
9.710571400363168237e-01
9.697513012344278760e-01
9.661157611402568790e-01
9.557296520049497479e-01
9.544023238728139846e-01
9.907308679302287979e-01
1.015257863425468532e+00
1.015748929490658758e+00
1.032412052188035778e+00
1.009070730682083417e+00
1.007685083033271312e+00
1.023633461778094889e+00
1.029722211615331506e+00
1.038340880162005098e+00
1.025153462477115474e+00
1.032044705329762113e+00
1.025251005967104723e+00
1.022403500639108787e+00
1.012771045070660625e+00
1.005452726131266905e+00
1.018297389469001724e+00
1.022721479255858767e+00
1.010071222216848863e+00
1.005593350734621083e+00
1.011490180914247361e+00
1.031777845269165939e+00
1.026217154425341782e+00
1.022476343091126338e+00
1.025543809328314460e+00
1.040740850685395902e+00
1.051817680643361230e+00
1.051954907985554799e+00
1.059198308043169723e+00
1.056052484284783821e+00
1.057337333725096640e+00
1.058419264219325528e+00
1.066295022436665851e+00
1.066891875692354663e+00
1.078889744500904468e+00
1.070509538403276339e+00
1.076077159991754240e+00
1.071400518770041721e+00
1.044203766740922745e+00
1.043058221589726386e+00
1.060215328074310293e+00
1.060008096759028406e+00
1.070950181335209805e+00
1.046363253355422129e+00
1.030789507584559672e+00
9.817382403831694804e-01
1.010371745046845460e+00
1.095212377281004512e+00
1.146791792361206985e+00
1.160417049264258926e+00
1.134180843948027206e+00
1.130191760756194652e+00
1.127058926260288585e+00
1.102744121638992603e+00
1.151547100437928961e+00
1.147049311419616524e+00
1.125959415416889264e+00
1.134914926664124746e+00
1.129949513368101899e+00
1.108043621107095422e+00
1.124493437140015928e+00
1.110055659197286548e+00
1.123489512349559183e+00
1.200606764864324161e+00
1.241482710288865476e+00
1.223975879278026424e+00
1.224105411915849206e+00
1.230037354687494533e+00
1.250991007012538958e+00
1.246841646568663586e+00
1.231610733686699932e+00
1.213983759484218883e+00
1.209122140794466782e+00
1.199358200344312397e+00
1.215677201618791559e+00
1.238257327711454803e+00
1.250705752955568073e+00
1.271368052695347695e+00
1.323796955180779111e+00
1.331120765076297507e+00
1.339583844581713201e+00
1.343584484583570937e+00
1.345047100063662571e+00
1.332045836055020249e+00
1.311988604686617377e+00
1.287173906644378141e+00
1.334055337976818745e+00
1.324055729758959465e+00
1.301545579673223374e+00
1.282940803994608636e+00
1.244419292141323519e+00
1.224520570486970161e+00
1.226801005488606489e+00
1.320940880730881783e+00
1.347935094012520985e+00
1.379453293883630138e+00
1.389874718562815303e+00
1.387952270447715852e+00
1.393667422654869981e+00
1.406728250817777415e+00
1.395136731168037159e+00
1.399661553671630809e+00
1.424905606144939663e+00
1.444922751199777311e+00
1.450280379091015259e+00
1.473840976152507976e+00
1.460995631279588647e+00
1.468203734418175310e+00
1.453940943844253653e+00
1.446151497952625986e+00
1.462744724442234245e+00
1.451805807083156319e+00
1.469835662059910897e+00
1.470903490401735736e+00
1.469498770968209689e+00
1.470214825473715958e+00
1.477236763794350427e+00
1.471756522300057490e+00
1.476938548107082250e+00
1.485011971655272323e+00
1.486498249634976121e+00
1.476862530997466560e+00
1.499203948183601698e+00
1.490535435587795332e+00
1.496927802326366130e+00
1.515090486317802965e+00
1.522836623770298159e+00
1.506928956123399388e+00
1.487421551252913421e+00
1.485904878353416558e+00
1.437502711846065040e+00
1.499122274677465505e+00
1.467207877408810868e+00
1.484243157307643113e+00
1.457210172410731364e+00
1.465545684703872809e+00
1.536480491046237518e+00
1.508391606452583744e+00
1.490637385526564218e+00
1.468013125141406139e+00
1.442891678466277083e+00
1.414178142887589695e+00
1.426496700586729949e+00
1.509214992852718096e+00
1.531714219544656030e+00
1.528056717472691339e+00
1.524043349155457250e+00
1.514573610655993052e+00
1.489860898903323294e+00
1.470048980134262884e+00
1.469206991826648379e+00
1.427045192875996626e+00
1.434190617186317906e+00
1.432719001322526609e+00
1.476824356919693493e+00
1.473319828025721367e+00
1.492163694897068682e+00
1.471688917044745359e+00
1.433926103277229469e+00
1.418889146722608796e+00
1.431596305150844906e+00
1.389924779418309164e+00
1.385807524580705996e+00
1.396926853079102360e+00
1.473452757421670034e+00
1.482986920179458989e+00
1.485020271623428645e+00
1.507188536944873425e+00
1.535360183080589858e+00
1.515023251448002650e+00
1.474741515248071178e+00
1.492741658664652915e+00
1.521811204397298667e+00
1.476048175211105651e+00
1.485729643667372146e+00
1.490805356620364286e+00
1.490818880214673792e+00
1.503805588736910615e+00
1.539044255361046387e+00
1.539822390164080401e+00
1.527408758014240808e+00
1.519846237993763394e+00
1.515690415186848883e+00
1.520137821764348196e+00
1.542382809890637363e+00
1.533797977649161925e+00
1.479068245415519067e+00
1.467498741159688258e+00
1.497339902069690920e+00
1.473956617067663899e+00
1.459816732701554098e+00
1.443032249441693393e+00
1.498011553560927300e+00
1.459291109911009299e+00
1.445540397226701579e+00
1.440877234244686278e+00
1.427132131283800787e+00
1.445980323692766190e+00
1.452318465988015950e+00
1.448294299812783903e+00
1.445663304260447202e+00
1.445459164873258207e+00
1.441566873497233114e+00
1.444782878939246062e+00
1.432632885395127120e+00
1.445105967560702975e+00
1.398153482637716216e+00
1.420374861183468340e+00
1.432098518175209501e+00
1.464179769186440661e+00
1.453930059766314065e+00
1.461192007534178883e+00
1.460476756323249026e+00
1.465392982612358619e+00
1.464179914053130638e+00
1.463862310816021806e+00
1.461089580842908964e+00
1.469314162125898493e+00
1.464238431336337021e+00
1.460046905068007161e+00
1.459473067340815389e+00
1.456741670227011287e+00
1.470702429299164615e+00
1.480607017095822764e+00
1.477745155314672543e+00
1.476714695760231288e+00
1.478138311592371190e+00
1.473313105198267969e+00
1.470979372113176753e+00
1.469083058758158478e+00
1.473535567581649497e+00
1.481305724935127355e+00
1.486543130140837388e+00
1.491927423732039681e+00
1.490417880878887713e+00
1.490756303153682794e+00
1.479619377096456301e+00
1.487171320076565495e+00
1.493392618666407712e+00
1.497736101640447348e+00
1.496309874873467338e+00
1.493677032142456840e+00
1.490589767848894409e+00
1.489460096973501901e+00
1.485202251792567818e+00
1.466136439127285307e+00
1.454789681741649687e+00
1.453253163109674118e+00
1.450759785502040877e+00
1.464469060934601163e+00
1.496237880722727676e+00
1.496658362412084387e+00
1.509882417995163539e+00
1.502290795580542238e+00
1.501354088336635639e+00
1.500549353448280998e+00
1.502453654584179565e+00
1.498395450463969825e+00
1.487239689272163767e+00
1.487158862279866822e+00
1.487386752476909546e+00
1.495706665099924226e+00
1.505004827474476947e+00
1.492977270557910519e+00
1.488121879696639560e+00
1.478177704313682783e+00
1.473626564283996521e+00
1.474646757007954001e+00
1.477851428956821200e+00
1.453680158371906339e+00
1.461184976582950767e+00
1.474010717667420423e+00
1.465319325284736296e+00
1.461365535437002094e+00
1.466252099683362342e+00
1.483393375546042670e+00
1.475970688725437130e+00
1.476547519736538971e+00
1.469166790654774957e+00
1.462700060043608641e+00
1.464446389333135645e+00
1.461455896560983847e+00
1.461130013882761425e+00
1.448960929465997083e+00
1.442733501386333606e+00
1.444883839113852098e+00
1.459401008153177637e+00
1.484473798519202026e+00
1.491391542864127118e+00
1.496874264678506261e+00
1.502340469601513906e+00
1.501934648692793361e+00
1.496951391887863636e+00
1.495700361946385337e+00
1.494450552127525755e+00
1.491942054735061474e+00
1.489594035156404761e+00
1.494192797012601215e+00
1.495183776077858351e+00
1.501086945819256613e+00
1.493203044068236895e+00
1.500976106465995441e+00
1.512763199449097762e+00
1.512645693487267629e+00
1.510277135042912722e+00
1.516005808462983273e+00
1.510599109717063682e+00
1.521287193803638527e+00
1.518470766449654841e+00
1.524395893424213000e+00
1.523477392472786907e+00
1.520369371526833824e+00
1.519286246856164979e+00
1.523943768190833215e+00
1.523591300152891792e+00
1.522848795769979002e+00
1.520311468451863046e+00
1.519168738612414193e+00
1.521328565077657125e+00
1.517079272081336194e+00
1.514148150271476867e+00
1.510570332943046434e+00
1.518194552998963553e+00
1.515740277374518996e+00
1.512952673771220891e+00
1.514822314616440568e+00
1.516771524433968121e+00
1.527004154743377917e+00
1.519184775402518950e+00
1.512834655888860347e+00
1.521381840565561028e+00
1.513405377604919222e+00
1.515509578838645011e+00
1.515844533500229296e+00
1.526674472796413440e+00
1.518833799088431968e+00
1.520265295545446316e+00
1.517646372516356923e+00
1.516258919890775436e+00
1.520367817869608285e+00
1.517687056693472591e+00
1.518672788426400411e+00
1.519080278234704373e+00
1.518957123504837803e+00
1.517309414344396146e+00
1.515588790177460066e+00
1.517864142102328007e+00
1.514394180579984983e+00
1.509656653068936816e+00
1.509284996918732524e+00
1.503263811468442679e+00
1.500708861091559987e+00
1.504090440675181828e+00
1.500206149936495814e+00
1.496252664628552553e+00
1.498274701277518162e+00
1.500463221969442928e+00
1.498077041302292578e+00
1.499108109675967304e+00
1.497428809622881829e+00
1.496084235577911592e+00
1.492651730483834704e+00
1.494966545453705553e+00
1.490883100618469959e+00
1.488298817254145145e+00
1.481734040314474976e+00
1.478521587929911396e+00
1.482325885196177140e+00
1.487295933410768933e+00
1.485437807856759163e+00
1.487570511728242506e+00
1.484956060529436073e+00
1.481727713876316299e+00
1.477828351917022331e+00
1.476572700879507094e+00
1.472055962653071148e+00
1.478726802319093814e+00
1.488336163187438999e+00
1.488329632424503002e+00
1.483753298267570075e+00
1.488714956677140266e+00
1.486400393779756079e+00
1.485751208302985349e+00
1.487450753143809701e+00
1.486459222292334070e+00
1.489175119678288306e+00
1.491846785447000334e+00
1.487903792319194896e+00
1.479277041550918215e+00
1.478196107779442547e+00
1.489965251063806839e+00
1.490519089180601053e+00
1.493469411813318715e+00
1.487050926379341442e+00
1.496196279972359156e+00
1.493377114178307208e+00
1.498110234693014631e+00
1.499013691983473562e+00
1.499708773909075088e+00
1.498551279078143450e+00
1.503231350907991315e+00
1.504361727175180130e+00
1.503350529601063190e+00
1.504790149866556570e+00
1.507277428617273207e+00
1.508774117135246451e+00
1.504678002297963779e+00
1.502327550620040642e+00
1.502733287868349477e+00
1.499486407024142487e+00
1.501673930659588541e+00
1.504498311909018726e+00
1.502223871286653800e+00
1.500472853363471026e+00
1.500568028704659440e+00
1.499342242063075092e+00
1.495861928840313659e+00
1.495692300291649790e+00
1.495642629667748968e+00
1.498227045894859888e+00
1.494969120340300384e+00
1.491969194829258605e+00
1.494732824562037266e+00
1.497194736440613072e+00
1.494828247896538675e+00
1.497042039359699039e+00
1.498632902964919023e+00
1.490621321591836690e+00
1.489432861322891544e+00
1.497599130496529041e+00
1.500340880176402658e+00
1.502814024628706058e+00
1.504409266607041884e+00
1.503334957563256413e+00
1.504161971801603048e+00
1.507091883257394072e+00
1.504511627596862855e+00
1.505280221099154048e+00
1.502148735797461443e+00
1.503892596931256431e+00
1.497448827246688152e+00
1.496835471579491594e+00
1.506026552528391349e+00
1.508200437298372831e+00
1.505551139388044746e+00
1.503335956719871191e+00
1.494806153592994180e+00
1.494339971999934846e+00
1.491671280996610616e+00
1.501410058572484330e+00
1.505825447504771875e+00
1.500427501837130917e+00
1.499695898927044579e+00
1.491492994291724772e+00
1.490890119114826051e+00
1.500353277583239331e+00
1.500584398768184835e+00
1.500491352587491223e+00
1.509311023456939571e+00
1.501912975268004713e+00
1.506820256784372036e+00
1.504666745866231059e+00
1.503642044156182411e+00
1.500284512395584580e+00
1.494983948661448458e+00
1.495522373793190862e+00
1.489604971950989842e+00
1.506579669665623067e+00
1.495764268187545598e+00
1.498460308247851591e+00
1.501239494772874661e+00
1.504430731250484987e+00
1.503152980525989335e+00
1.504175374471582227e+00
1.510644066863078061e+00
1.507650419043190526e+00
1.504701101091191928e+00
1.500944758259202372e+00
1.500206539528365246e+00
1.496191984044576762e+00
1.507951439111134828e+00
1.510347758460571788e+00
1.508608463748522421e+00
1.513808591638684975e+00
1.511960293007676537e+00
1.510634164369319077e+00
1.509063805357900634e+00
1.506562666236245462e+00
1.506179410725686951e+00
1.507447191004003040e+00
1.501237502697160497e+00
1.498916639256857586e+00
1.496285164929637146e+00
1.490787935103391471e+00
1.487156225222261652e+00
1.488901551734507667e+00
1.481776479160960669e+00
1.476871508579044034e+00
1.490080041028464475e+00
1.493096253723509959e+00
1.496665953290602591e+00
1.494333615644132029e+00
1.501609206751612469e+00
1.501569526896340268e+00
1.501060396971827693e+00
1.502744205515857967e+00
1.499334182273597493e+00
1.502264393192794367e+00
1.501739743616491429e+00
1.497002785871860642e+00
1.493525647715007398e+00
1.494038443411980888e+00
1.501488168248827693e+00
1.500079556329414476e+00
1.496798086987550791e+00
1.500549464438674541e+00
1.496347472851343952e+00
1.499621245912185152e+00
1.497994700271673363e+00
1.497371552023964103e+00
1.500002297065358814e+00
1.499797006814958644e+00
1.499257114387733791e+00
1.504098689478569728e+00
1.500856539032886738e+00
1.498103250237537098e+00
1.494638825765274737e+00
1.495652027331446643e+00
1.501414961271936299e+00
1.499237822715332236e+00
1.494384441946745135e+00
1.492365359474320474e+00
1.486783212500464302e+00
1.488798231431553099e+00
1.487013946634552664e+00
1.493750944333934960e+00
1.490312919649416035e+00
1.486377771275092519e+00
1.497377723208968670e+00
1.503147405786354973e+00
1.509420267545599881e+00
1.507154587392833367e+00
1.504599995098101495e+00
1.509895986815200430e+00
1.508223293187267666e+00
1.501488042130607381e+00
1.509031454604983002e+00
1.513191732598394568e+00
1.515604843616732200e+00
1.512148687560959770e+00
1.509491970927880899e+00
1.511455080919809069e+00
1.517836688113932908e+00
1.517420852591452318e+00
1.515410276581834248e+00
1.514700910151102198e+00
1.513658428286813518e+00
1.512071037348024394e+00
1.515289999093363482e+00
1.518453292630488560e+00
1.521726523421670585e+00
1.518188506047993824e+00
1.519153232523024366e+00
1.520119628140710777e+00
1.514114293731561256e+00
1.509947957700923382e+00
1.513723065724728478e+00
1.515416337910074907e+00
1.519993626048379953e+00
1.516362887477503918e+00
1.521048174822986265e+00
1.530447654346119180e+00
1.525515536058920318e+00
1.528472767845612479e+00
1.531523681395343894e+00
1.529968833895505531e+00
1.530154751480792941e+00
1.532983248062474102e+00
1.534204439367088169e+00
1.533117067179619930e+00
1.532672159819006952e+00
1.532909129256194491e+00
1.533470088108394025e+00
1.531019540869833495e+00
1.530022186620029867e+00
1.531675343524201427e+00
1.535049395080591017e+00
1.527273715828008749e+00
1.526752298805797103e+00
1.530588126150255190e+00
1.532671407851414980e+00
1.533215014670149090e+00
1.530817905390761791e+00
1.529277167920046532e+00
1.525805661221797616e+00
1.521759437254764036e+00
1.520139463318760598e+00
1.514881385234694289e+00
1.511740042218510549e+00
1.514370232295106256e+00
1.512022218950318075e+00
1.510419739082689672e+00
1.512838566376282667e+00
1.512095733484184468e+00
1.510725355299902928e+00
1.509472928635274380e+00
1.511110389711280755e+00
1.510762916790164168e+00
1.510432699217251873e+00
1.511411434039220625e+00
1.513039622321785682e+00
1.513532270450518746e+00
1.514737348058682098e+00
1.512763824592576523e+00
1.513590689269044276e+00
1.510516679616219937e+00
1.507605094406425650e+00
1.511834008256715656e+00
1.508139727904401983e+00
1.507203025572134480e+00
1.508817342383167226e+00
1.508415647636668799e+00
1.506424387238419094e+00
1.507677977652472912e+00
1.506808683895166645e+00
1.501732532184073321e+00
1.501554137777428855e+00
1.499327165836082498e+00
1.503146197989466470e+00
1.503092572586709919e+00
1.496899501849392466e+00
1.495652887181232460e+00
1.492817859755297683e+00
1.492904045666887169e+00
1.499681147819772242e+00
1.505214779227012079e+00
1.501054724302159249e+00
1.497297639156102145e+00
1.496335754685609531e+00
1.498791390963138292e+00
1.498672123853274973e+00
1.496470791456212535e+00
1.493410208059883448e+00
1.489597884461008714e+00
1.488335962070619134e+00
1.493634922641572826e+00
1.493647047148643603e+00
1.496506898470397973e+00
1.500602795439236470e+00
1.500084686962631642e+00
1.497145872871398220e+00
1.491738241207034577e+00
1.489104000457302179e+00
1.495413404578279204e+00
1.490619720826829697e+00
1.489602986208039104e+00
1.492265053108624784e+00
1.500320042126820352e+00
1.502817502855402720e+00
1.502833035667406225e+00
1.500668203202973672e+00
1.499088473327333082e+00
1.501931089755184745e+00
1.501593822454372118e+00
1.501198664388174508e+00
1.497281020345964331e+00
1.500290560647786098e+00
1.508501269305196457e+00
1.507999776963548255e+00
1.507337478067125147e+00
1.510513698483128442e+00
1.516149968800344583e+00
1.517934915838758725e+00
1.515601755324504030e+00
1.517519272699004995e+00
1.517400703103296111e+00
1.519978589775743627e+00
1.518377908280334587e+00
1.519300221506051596e+00
1.523548188447797047e+00
1.522563050843403598e+00
1.523055763156489384e+00
1.521796000658575343e+00
1.525690934095899953e+00
1.526364296529692632e+00
1.524523791609707413e+00
1.522065303840425488e+00
1.521863935148972891e+00
1.532229559966259647e+00
1.530745814609572708e+00
1.530970738670726528e+00
1.531537861144299573e+00
1.532954053318712928e+00
1.534429712419380420e+00
1.533306181177651828e+00
1.533562694986087438e+00
1.530519364540339655e+00
1.532362472580888646e+00
1.537925085841122863e+00
