# Dollars held by RMR portfolio at market open on each day of training set.
1.000000000000000000e+00
9.995002498750624742e-01
9.848963692812147119e-01
9.829248589578256645e-01
9.797555371137988134e-01
9.624174795549305106e-01
9.553937631637235972e-01
9.606766011721363796e-01
9.534516971583841816e-01
9.493119607570086327e-01
9.475617386504014972e-01
9.606042615863034095e-01
9.674524974055911386e-01
9.521419368465127153e-01
9.637019310572941810e-01
9.772692326419015751e-01
9.791069334223594378e-01
9.588191534036942798e-01
9.545215669068856101e-01
9.484951021580847463e-01
9.478580235496498752e-01
9.451149531657999647e-01
9.286054385200190886e-01
9.168458790710949380e-01
9.229629740332350174e-01
9.478194897691671894e-01
9.444279131209731837e-01
9.332402368814783911e-01
9.314798591926225502e-01
9.447101475596451081e-01
9.401850256577830578e-01
9.428363675731350479e-01
9.472383718171576428e-01
9.372262425290758259e-01
9.412771389564256186e-01
9.645493758741411350e-01
9.667196964688145044e-01
9.725378207267268982e-01
9.618666654320346954e-01
9.625980103200143523e-01
9.538931463735562666e-01
9.533628412927178664e-01
9.580729379551246039e-01
9.476348805620494753e-01
9.339055418391727370e-01
9.271974829967761789e-01
9.247344172701926768e-01
9.252186009793403887e-01
9.448502493936721258e-01
9.311446449389179092e-01
9.206756729824646657e-01
9.387981804165485000e-01
9.469724340496745718e-01
9.451166794307411800e-01
9.392652704259500940e-01
9.523405793058594693e-01
9.531734365646501450e-01
9.464951406868525874e-01
9.539194055132014238e-01
9.585437200787562118e-01
9.577629259306991161e-01
9.546836226996348040e-01
9.494093324438142023e-01
9.448914857502279663e-01
9.519510680542313530e-01
9.453141294773148573e-01
9.494319839160719754e-01
9.648468337648468118e-01
9.768390696774927884e-01
9.801220338426454015e-01
9.807199805734628795e-01
9.746379572256693713e-01
9.775144823896031454e-01
9.736786738439938693e-01
9.724812022133398903e-01
9.751144127966330233e-01
9.837846369851414030e-01
9.919235994057585826e-01
9.947363193849489971e-01
9.988704405489121640e-01
1.004441014370389906e+00
1.007922795438481511e+00
9.996342528580313136e-01
9.968660426443500810e-01
1.002528361092116072e+00
1.001990867701730403e+00
1.012531912138078027e+00
1.015692840178937573e+00
1.014357814754503817e+00
1.009399888403934353e+00
1.010314152516095909e+00
1.010867126476667543e+00
1.014888413050076377e+00
1.010443699214466085e+00
1.009688627987649800e+00
1.013896606260214384e+00
1.018634961090912672e+00
1.014674747917864606e+00
1.014597943453550588e+00
1.013553364210356911e+00
1.013181189523301828e+00
1.012497125712032542e+00
1.012916500050506263e+00
1.011091497212063262e+00
1.013774867323692597e+00
1.016244221527157432e+00
1.016686744170830270e+00
1.016361531058427747e+00
1.019205026142012693e+00
1.018225021232438632e+00
1.016921561320234257e+00
1.016378399036637514e+00
1.015893796437798757e+00
1.016980417897739075e+00
1.019306950520625588e+00
1.020979536292188072e+00
1.021089257727743727e+00
1.022797848180871494e+00
1.021007162865084306e+00
1.021677804611144325e+00
1.022013464878774203e+00
1.023188304591586828e+00
1.022453861540136399e+00
1.022787496387646433e+00
1.024653323111085035e+00
1.022460461506229379e+00
1.022322992062411062e+00
1.022737510652208748e+00
1.037275593492396952e+00
1.040281979753836739e+00
1.040884906513419139e+00
1.040332597886246990e+00
1.040134255120954476e+00
1.040676582030408026e+00
1.038780749170346906e+00
1.037858431073389154e+00
1.036422461008432938e+00
1.038038740039788799e+00
1.038486145180599118e+00
1.034862411081896028e+00
1.033310642061766593e+00
1.033488977894929217e+00
1.032901711912147746e+00
1.032564047080454239e+00
1.030407006359670419e+00
1.032236724795226435e+00
1.031153696451640789e+00
1.029530264783304006e+00
1.032006720729265137e+00
1.033329163159141251e+00
1.033176272096281600e+00
1.033688482645094497e+00
1.035628687703106898e+00
1.037382673728838300e+00
1.038345971700920911e+00
1.037475149105171024e+00
1.041447476253449800e+00
1.040614811975449250e+00
1.045226726148478669e+00
1.046106885994674940e+00
1.044901289105636399e+00
1.045244781161433378e+00
1.049191703511471729e+00
1.057340023779482108e+00
1.057101236906971220e+00
1.058275945634633342e+00
1.060769643078800728e+00
1.063287984771108086e+00
1.063328934480842536e+00
1.061161009808428979e+00
1.061515822672019382e+00
1.061241329045616633e+00
1.058036118305241580e+00
1.056793352043201351e+00
1.057932603605143740e+00
1.057356786322669606e+00
1.057533760789456601e+00
1.059155914611935367e+00
1.057263483600073384e+00
1.058240448186549276e+00
1.056334645133973460e+00
1.055796184569267604e+00
1.054672390233216239e+00
1.051502983409936087e+00
1.050962171732118478e+00
1.053094346320023300e+00
1.052636254552861361e+00
1.053375269092532873e+00
1.056144905446695592e+00
1.055359634081162401e+00
1.054589868939059594e+00
1.051633525717309725e+00
1.053079621811979116e+00
1.054659982610002711e+00
1.054900646700386302e+00
1.054203759480761837e+00
1.054629286024205248e+00
1.056291821984114199e+00
1.058218245413847569e+00
1.058309601320391424e+00
1.056559356572935648e+00
1.055778328289754153e+00
1.060599942940403606e+00
1.064098946839713067e+00
1.064106871248796660e+00
1.065084540646463518e+00
1.066695363994605739e+00
1.066545621705884628e+00
1.065763455815881500e+00
1.068383219758936020e+00
1.069149211998127180e+00
1.067334193607378356e+00
1.069831799487176438e+00
1.070742975430449384e+00
1.074428604280040389e+00
1.074218332227917960e+00
1.072644897272294173e+00
1.074455256786279955e+00
1.074272535079870972e+00
1.077263194887037479e+00
1.077785696906085056e+00
1.078635961455376435e+00
1.077043689381618430e+00
1.078387910706220421e+00
1.080057985975767076e+00
1.079888986491192249e+00
1.080830255331661549e+00
1.081779541672475808e+00
1.081602834270962488e+00
1.083662552738348772e+00
1.085421933939395345e+00
1.086170238098071117e+00
1.084747671394286739e+00
1.084307863551752238e+00
1.083252851785249105e+00
1.081870937577268155e+00
1.082677524564350957e+00
1.081696705596895569e+00
1.081231850695396401e+00
1.082579231066447489e+00
1.082934149220746267e+00
1.081639750736433925e+00
1.085348355339919690e+00
1.083874265001143700e+00
1.082673429560556233e+00
1.086797694745488263e+00
1.087460285363007761e+00
1.087089916534082601e+00
1.086777606381950978e+00
1.086863111131408433e+00
1.085923609487584152e+00
1.086789242487439466e+00
1.085390006984067846e+00
1.085394951439631939e+00
1.084864178225324327e+00
1.084746726414091977e+00
1.083116931427328344e+00
1.086835660472430076e+00
1.086662647347623745e+00
1.086342166489582262e+00
1.086086292474772952e+00
1.085669367277283914e+00
1.085664758361981841e+00
1.084437769143166808e+00
1.082534247214989920e+00
1.085343304837563139e+00
1.086971630004256006e+00
1.085417111863462791e+00
1.083617427881288009e+00
1.082944213761875663e+00
1.083435060851475340e+00
1.082630239462988975e+00
1.083443894185279088e+00
1.082880617707049131e+00
1.082265389592805827e+00
1.081128296799385824e+00
1.080700525308206039e+00
1.083383422504775595e+00
1.082625896862207782e+00
1.084394870457112470e+00
1.085769477357949597e+00
1.084846021881568090e+00
1.085710710145453728e+00
1.086745831432306630e+00
1.086490121150857968e+00
1.083322430581434404e+00
1.082618193204880397e+00
1.081973680873456134e+00
1.083222994257465155e+00
1.082489043762016268e+00
1.081010870837903148e+00
1.078769679015331162e+00
1.082469620943952160e+00
1.080690533584385715e+00
1.079649910245401134e+00
1.079307728291168722e+00
1.080492691058708044e+00
1.080403288896962355e+00
1.077541156159414593e+00
1.078600344579870196e+00
1.078966394280861163e+00
1.077389460212489825e+00
1.075279826647081771e+00
1.070268274804462738e+00
1.069741196298778840e+00
1.072898250243910612e+00
1.072610049732222182e+00
1.072396269239715538e+00
1.073289943617940168e+00
1.072345592220327326e+00
1.070396905639125151e+00
1.063568215895313473e+00
1.058854660325389885e+00
1.059914493559877879e+00
1.064192513619918179e+00
1.067589295223449808e+00
1.069802390988852991e+00
1.070830622339870253e+00
1.070385043102638045e+00
1.069821411292421809e+00
1.071492226843259843e+00
1.070287764896081351e+00
1.074341246999450883e+00
1.071153410141856055e+00
1.071473493176715586e+00
1.073123444068323273e+00
1.072315523065551668e+00
1.072832231318330276e+00
1.075880117523951185e+00
1.074946361763976954e+00
1.074827576207562085e+00
1.076246897552187498e+00
1.075191206133082389e+00
1.072975470444281765e+00
1.073327960801757630e+00
1.072573921019946086e+00
1.073924991293952802e+00
1.073098135855486301e+00
1.072107162067019948e+00
1.070374472963966372e+00
1.070795848652010163e+00
1.067745033815835187e+00
1.068143384953986086e+00
1.065327995364227620e+00
1.066329449330120971e+00
1.066242429478452935e+00
1.067203721896507362e+00
1.070436918240837088e+00
1.069628839787807761e+00
1.068613089936427230e+00
1.066849697028502852e+00
1.069149081696491255e+00
1.068129564058176717e+00
1.067140019344385848e+00
1.068283218991570305e+00
1.067045927106673009e+00
1.065399559239407212e+00
1.064998691391276564e+00
1.064379172697742737e+00
1.062693682418012653e+00
1.063337741775567169e+00
1.060521176481841410e+00
1.062072074811392541e+00
1.062236670951588913e+00
1.061251343748600862e+00
1.064179758958319733e+00
1.062063325032992722e+00
1.058144290529149822e+00
1.055501764501426409e+00
1.056543818302658089e+00
1.058102589435287566e+00
1.061411883811427037e+00
1.060301233065709114e+00
1.060541125641253135e+00
1.059975173461478848e+00
1.060302127714980669e+00
1.058991675735142968e+00
1.058339030740041764e+00
1.059811820220799783e+00
1.059892490766511264e+00
1.066476519788189581e+00
1.064027537725759753e+00
1.062642085979730533e+00
1.062813427296892987e+00
1.061014918931067141e+00
1.063071308655610947e+00
1.062358963288749569e+00
1.060404746535702047e+00
1.059423814430481725e+00
1.059769142603028236e+00
1.060887466263762846e+00
1.063110500237559375e+00
1.062823760760424729e+00
1.062914194144602975e+00
1.063833875132729867e+00
1.065470960008881640e+00
1.062467195455720104e+00
1.066736173192235348e+00
1.066638001942019853e+00
1.066239795466924933e+00
1.064317660900874207e+00
1.063452734118037313e+00
1.062212438171009188e+00
1.060889797729560602e+00
1.063557847326268790e+00
1.064594418469538839e+00
1.063596751237905869e+00
1.063752473685302791e+00
1.063929737575016077e+00
1.061774350542346257e+00
1.061148738883489928e+00
1.060744919135770070e+00
1.060899083005035326e+00
1.061025587786657676e+00
1.056697809812877642e+00
1.054829448201201947e+00
1.051678619651852609e+00
1.055305972235200729e+00
1.052964880205864651e+00
1.050507504814717885e+00
1.044283610773854010e+00
1.039628700795110827e+00
1.039595532678779355e+00
1.040255503331350972e+00
1.042626372299870985e+00
1.045387881399234775e+00
1.041796152789160157e+00
1.042184683548913471e+00
1.045141630220146167e+00
1.054825500871661825e+00
1.054533847172258954e+00
1.057731719497097433e+00
1.057026764007164221e+00
1.059835605171286943e+00
1.060250629836072322e+00
1.061074465600556405e+00
1.059540839215168839e+00
1.060285454998653343e+00
1.061543364172223836e+00
1.059047187567693671e+00
1.061064591889786968e+00
1.061469619992785995e+00
1.059685468024708976e+00
1.061242108093218395e+00
1.059170554207555570e+00
1.058302407784677879e+00
1.056471889181887169e+00
1.054962106118023657e+00
1.054951281623720760e+00
1.055887846464179436e+00
1.057118857569220749e+00
1.057987974194207759e+00
1.060220457264195781e+00
1.054564797498713791e+00
1.057869127759769823e+00
1.057234167661215585e+00
1.057748132119278095e+00
1.055846862847275913e+00
1.053866418163631469e+00
1.055974805835687702e+00
1.060184864520981929e+00
1.061535707022863706e+00
1.062477467919672014e+00
1.061437652461208581e+00
1.061258147338770552e+00
1.065934870468883355e+00
1.067675707759480286e+00
1.069566794020210931e+00
1.074268535455377371e+00
1.071785216984575184e+00
1.069659184055465451e+00
1.065149076612496248e+00
1.063726653967944413e+00
1.063187724927733280e+00
1.063472403818992662e+00
1.061251075567730684e+00
1.061122816815527559e+00
1.061461016950260294e+00
1.055500799302212300e+00
1.055217132923219836e+00
1.053845150840644340e+00
1.052735375803060203e+00
1.052817560362149019e+00
1.052172312916765717e+00
1.049648959332604159e+00
1.050682269744655173e+00
1.048363885905152060e+00
1.046445157451112884e+00
1.045963123356640878e+00
1.043517168548960150e+00
1.038934125596727265e+00
1.041548665287408637e+00
1.049465027835869257e+00
1.049563628672689486e+00
1.050375551392057405e+00
1.052747538096743041e+00
1.050337409657319032e+00
1.056902210645817686e+00
1.054363157563081854e+00
1.050490500192060583e+00
1.051244655393441585e+00
1.051730436260163382e+00
1.050324583045822324e+00
1.054197104930010065e+00
1.052274989705350494e+00
1.051766015051946779e+00
1.055012448914965262e+00
1.057036667850355993e+00
1.055271880833717590e+00
1.055334755816118575e+00
1.053480964698023437e+00
1.053366852705339918e+00
1.055893869903828719e+00
1.054416299224009146e+00
1.052569780444517988e+00
1.049978144053352880e+00
1.053446553950811326e+00
1.051710806307930790e+00
1.050539766781093176e+00
1.051719940708350176e+00
1.054213081833018206e+00
1.049840487242231335e+00
1.047583696017929666e+00
1.046249642341638530e+00
1.049229631340729219e+00
1.043543078540944080e+00
1.043216519859508695e+00
1.041611529912263023e+00
1.041582437589765986e+00
1.039794112792293834e+00
1.034230388646428800e+00
1.037616049234825422e+00
1.038924514783833075e+00
1.033196559564591555e+00
1.037945754497386908e+00
1.042502559227755254e+00
1.040174074751487598e+00
1.035922593809475378e+00
1.034829751748632454e+00
1.036526396891349400e+00
1.036708517623062376e+00
1.034880833798218269e+00
1.032592586655557865e+00
1.040747935186033812e+00
1.036806087068786075e+00
1.031003712508119952e+00
1.029337925813059273e+00
1.021014609874571155e+00
1.023536130466060623e+00
1.037865955602481627e+00
1.050806246584041537e+00
1.050396436234493303e+00
1.051139217810315607e+00
1.057032820820543062e+00
1.060683339368906575e+00
1.051785973877303659e+00
1.050778328264913020e+00
1.044514005446021576e+00
1.049846492378145868e+00
1.047727476761924237e+00
1.052569306954428408e+00
1.055497963420163332e+00
1.057970114836572773e+00
1.062390907210110091e+00
1.063115259078194041e+00
1.060854855276174291e+00
1.068635408544599263e+00
1.072143172953634593e+00
1.067510280530151734e+00
1.060537548855667866e+00
1.065432705474410602e+00
1.067043202549128988e+00
1.064116400429816922e+00
1.059001451936949278e+00
1.057183080914289697e+00
1.054465105147512238e+00
1.057554068880789178e+00
1.056711256320559178e+00
1.055174737914087002e+00
1.056504078787395828e+00
1.059942322832419626e+00
1.061399324009545175e+00
1.068194960873557031e+00
1.072392327112384525e+00
1.071995842873548987e+00
1.076929706207016224e+00
1.082028855129371747e+00
1.081933881684157273e+00
1.078259697105371950e+00
1.075311155581162748e+00
1.073414412339592783e+00
1.072127329015345243e+00
1.068471978862105320e+00
1.064640428562244390e+00
1.068883793113859060e+00
1.080769298336687001e+00
1.070277069036155382e+00
1.069775330079393294e+00
1.071115875164688536e+00
1.072912536867554056e+00
1.075383902696218419e+00
1.065192014609491311e+00
1.069018534829283551e+00
1.073451566744693997e+00
1.075526187116377708e+00
1.077353956385185052e+00
1.072941217413771575e+00
1.065401834707476958e+00
1.068268365943978893e+00
1.064303336425624691e+00
1.062862615725956417e+00
1.079715379694084154e+00
1.095070833458033910e+00
1.088494238306066508e+00
1.089026039460842865e+00
1.092809952097330894e+00
1.097182890238802333e+00
1.092858061081200205e+00
1.089273914846581759e+00
1.084961307861994850e+00
1.085667531371306893e+00
1.083976762062516475e+00
1.091410239769562196e+00
1.099706277527644271e+00
1.095297106914968399e+00
1.102125699545531523e+00
1.111787501951426060e+00
1.115845938568755802e+00
1.109581076506785946e+00
1.104153456964588997e+00
1.092233833809095778e+00
1.085657876383055331e+00
1.070756249526416903e+00
1.053408797484858717e+00
1.071930661575778876e+00
1.064860729867284750e+00
1.059363480564597726e+00
1.052957780084742279e+00
1.035786528829031328e+00
1.017614176416096639e+00
1.020396726614947847e+00
1.068033220114604998e+00
1.076610135238574406e+00
1.094809226292407400e+00
1.097967360302808615e+00
1.084357955372736715e+00
1.095500906691964760e+00
1.102159185248228201e+00
1.098229756794264711e+00
1.120856920576231097e+00
1.142929133361148875e+00
1.149443859655368216e+00
1.157085804911615501e+00
1.153410951979722210e+00
1.155476064374516110e+00
1.148854619887576423e+00
1.159652771680442784e+00
1.165718666232071765e+00
1.161548770167418532e+00
1.168734178358500575e+00
1.155582006661345584e+00
1.154458481903079647e+00
1.154267488598241798e+00
1.155153528791038609e+00
1.150982680230664634e+00
1.156865521050313816e+00
1.158749771798795347e+00
1.175179407200530157e+00
1.186768838164177664e+00
1.208603242166994773e+00
1.204188445718209488e+00
1.212400001941910999e+00
1.206713054523787187e+00
1.191597911724676218e+00
1.192673816286520250e+00
1.183591352958488940e+00
1.178699032940785818e+00
1.186674923742885301e+00
1.170914543028602317e+00
1.183988516538786007e+00
1.171082298693468360e+00
1.183187054573069164e+00
1.175826324410669255e+00
1.177032325403414736e+00
1.205752079012587075e+00
1.191270221740319046e+00
1.172296634469239152e+00
1.162680375243432485e+00
1.153534403809162168e+00
1.149272762766348599e+00
1.162798804079568482e+00
1.201272633874787221e+00
1.215198080437080774e+00
1.186976538974737316e+00
1.192742521146161527e+00
1.193815869199978952e+00
1.187159832312614238e+00
1.172116922430714192e+00
1.160571973955936809e+00
1.142508514631470629e+00
1.141427237566754682e+00
1.145645747894518118e+00
1.172130430758993480e+00
1.184110788960011762e+00
1.204070587046821572e+00
1.186216566842271725e+00
1.165020722344759729e+00
1.157252181979603112e+00
1.154200010786532227e+00
1.138458521069197982e+00
1.127265487051477999e+00
1.140893484334452257e+00
1.179068231849946580e+00
1.179452196188323088e+00
1.201570329421543626e+00
1.212617581003947231e+00
1.208938691415197608e+00
1.216812395441271732e+00
1.239335519706718403e+00
1.234828952183273820e+00
1.227457264005685111e+00
1.253856043747768156e+00
1.248588303461405813e+00
1.245271388572558591e+00
1.253211670538057376e+00
1.255905357149692536e+00
1.235052380677671202e+00
1.247937611528890933e+00
1.263915315587543997e+00
1.277500029512277369e+00
1.286996233620053998e+00
1.290554988423572524e+00
1.279621585939024087e+00
1.285102402871575844e+00
1.318944633868792682e+00
1.330801516684060992e+00
1.328665898210531715e+00
1.346195693855651632e+00
1.355516041357106349e+00
1.367602598619862553e+00
1.341854427708167430e+00
1.373055038642104320e+00
1.372086090391888114e+00
1.380792618101411628e+00
1.382733095158929171e+00
1.370545934689869849e+00
1.370440853622471256e+00
1.386940514058929041e+00
1.389782363714497260e+00
1.395887568165960158e+00
1.421124790790034842e+00
1.430907543455278708e+00
1.449346107567318853e+00
1.449706124916875449e+00
1.479963653573696192e+00
1.479814230621591786e+00
1.469843793380301467e+00
1.450553627996238548e+00
1.462561017206284397e+00
1.459588700142762319e+00
1.470546616151577224e+00
1.478427417761286833e+00
1.482078106700135622e+00
1.479010330715782029e+00
1.473509809883742472e+00
1.476431279775543448e+00
1.473154897329931767e+00
1.475014197798420357e+00
1.480844432159227564e+00
1.486237325580728408e+00
1.485054568839023759e+00
1.477366950516195265e+00
1.489366175576915641e+00
1.489455976337391130e+00
1.492896044406626821e+00
1.494524423588658557e+00
1.494337068562165749e+00
1.499222308585346664e+00
1.495090803288054326e+00
1.492319607865734143e+00
1.493068835994954435e+00
1.484748036088270773e+00
1.485567326572664104e+00
1.488860409264613383e+00
1.478072445949119462e+00
1.476503547846017117e+00
1.479525857921178522e+00
1.484760455079827013e+00
1.487352272577447954e+00
1.489485785303576559e+00
1.491474592022156598e+00
1.489758515417094253e+00
1.486033366676303480e+00
1.481527940617535233e+00
1.480011261062582628e+00
1.473035097282358041e+00
1.483555018645544843e+00
1.482349038429010113e+00
1.484392974154137512e+00
1.489175323181420874e+00
1.497595510963751542e+00
1.499298827710514814e+00
1.496499226047027342e+00
1.503280963730977637e+00
1.496787695172995925e+00
1.504641835258198279e+00
1.511711576018185843e+00
1.513649758984099813e+00
1.519899660081748483e+00
1.520994401258402018e+00
1.514851639114279225e+00
1.530334801048215176e+00
1.533477726468381430e+00
1.541143138159354997e+00
1.548675432841319699e+00
1.548481715046996721e+00
1.541613599534484846e+00
1.547728595258036854e+00
1.546682586502724277e+00
1.541381008923321305e+00
1.545031471510818211e+00
1.552535479765316140e+00
1.550356838178533536e+00
1.545723713678015976e+00
1.548799029077921663e+00
1.544259756556289664e+00
1.549082690576688126e+00
1.552263068441261717e+00
1.549890043372773141e+00
1.552106883474232424e+00
1.550495250774033718e+00
1.551087519203462328e+00
1.551422695169075938e+00
1.548094401726458180e+00
1.539127787617659449e+00
1.535299531471122414e+00
1.536346582476751266e+00
1.542848498644562527e+00
1.544991373174244176e+00
1.547916888159354798e+00
1.557500911442638136e+00
1.558627672080350912e+00
1.560607233156045215e+00
1.566697688749165929e+00
1.565355469415171008e+00
1.559893088542113393e+00
1.565346690034651100e+00
1.565938531572742987e+00
1.568351502652773899e+00
1.569239691546611359e+00
1.562561433852038828e+00
1.566823897256140352e+00
1.564087508089398337e+00
1.571337833074535340e+00
1.570288122816563270e+00
1.559416998168764446e+00
1.557585444737025204e+00
1.559582228621740230e+00
1.556932427407928587e+00
1.568644460249440264e+00
1.568540479300913226e+00
1.561643248645927518e+00
1.562102854769128912e+00
1.552010195686521987e+00
1.547556603837694889e+00
1.546889621428383377e+00
1.542432735244399389e+00
1.537836592002085112e+00
1.532981163684497883e+00
1.537273823034557285e+00
1.544637034487310379e+00
1.533667441550146338e+00
1.531439025143388477e+00
1.530190288107556418e+00
1.535909285862364415e+00
1.542044558467979609e+00
1.536119005913668234e+00
1.530137047846029885e+00
1.533544816283626044e+00
1.533336690068192176e+00
1.524853345953070871e+00
1.524755291325961881e+00
1.527487844509193282e+00
1.522512341060464847e+00
1.527687472496396248e+00
1.528410385645772251e+00
1.524271997435008963e+00
1.526634495045649853e+00
1.533768939226913375e+00
1.538878640618447591e+00
1.539091469684231717e+00
1.546486808084204245e+00
1.544663885843504669e+00
1.539575747143885120e+00
1.539200820740998621e+00
1.537425969454136565e+00
1.534819889665076209e+00
1.537992422818084348e+00
1.541640393574563950e+00
1.547098927041402838e+00
1.557170454569157592e+00
1.567099734406057987e+00
1.564689270998452342e+00
1.559171246262627708e+00
1.560060996376519293e+00
1.560916868181364547e+00
1.559597275719649234e+00
1.566125384637776952e+00
1.572599029849330643e+00
1.565127488435903214e+00
1.566936932119416870e+00
1.566446380944652272e+00
1.565935144702383264e+00
1.562358637918564108e+00
1.560890020964402991e+00
1.560609965196351867e+00
1.562507915678525539e+00
1.559809367509284117e+00
1.561796741490318441e+00
1.564723958943638138e+00
1.570227476544023837e+00
1.564239267706062808e+00
1.564800634790254330e+00
1.553901020871143901e+00
1.554318956681282726e+00
1.542752032523707628e+00
1.552570517256846028e+00
1.559242650778135619e+00
1.559741658574528067e+00
1.557120810475015826e+00
1.560210889655498034e+00
1.558400173012375101e+00
1.556301149255189475e+00
1.552401105901598743e+00
1.549342125634003420e+00
1.547993162415061796e+00
1.545238790721967570e+00
1.552521278446862718e+00
1.555745082570777260e+00
1.554200656476756093e+00
1.555890014965807699e+00
1.553343045761566232e+00
1.554619647366789481e+00
1.557347851408497741e+00
1.559444956586323316e+00
1.562708118462268203e+00
1.563908231851507180e+00
1.563228585157010464e+00
1.564558768895602414e+00
1.563498218094265368e+00
1.559905585964510344e+00
1.561580523331617343e+00
1.564752910900055971e+00
1.560616292187972487e+00
1.561653967741586380e+00
1.561982383224921778e+00
1.558450377274532839e+00
1.554570669177303133e+00
1.557812394611395757e+00
1.557082059541605945e+00
1.559786629086797438e+00
1.557258749739200532e+00
1.562796355537471094e+00
1.562518371628895064e+00
1.565280635510103435e+00
1.570070126851171866e+00
1.570234974975271314e+00
1.569488509073627025e+00
1.566765362732907674e+00
1.568200176996588535e+00
1.568491669497864782e+00
1.570487020675291001e+00
1.574495292919132261e+00
1.575705922667343328e+00
1.577436439934287504e+00
1.577751431458599196e+00
1.579722948102732172e+00
1.578119397323741735e+00
1.579938402884174753e+00
1.580193381044673329e+00
1.580282934623588487e+00
1.579775213478547657e+00
1.580911719086654177e+00
1.580407895329694501e+00
1.588654924792618717e+00
1.583849888770591630e+00
1.588223087858022575e+00
1.581692146726432435e+00
1.580966227417339276e+00
1.586432814269957303e+00
1.580035990781134103e+00
1.580158212065247092e+00
1.582727736730727974e+00
1.582662881117682829e+00
1.582928884441726192e+00
1.583286550381209024e+00
1.578797153589373670e+00
1.578430615798525061e+00
1.575047205527661420e+00
1.582261911023157053e+00
1.582403334386647487e+00
1.586662640097270316e+00
1.583255956849585200e+00
1.582165863234199721e+00
1.590846517535299931e+00
1.571869032088040852e+00
1.582614220669089633e+00
1.590957200147702366e+00
1.599508315824068827e+00
1.604582633324258545e+00
1.607507336774119056e+00
1.613982892460412044e+00
1.610557392884854666e+00
1.610606111335395108e+00
1.606873409810537279e+00
1.601861957739474596e+00
1.608069343434006537e+00
1.606666813325859700e+00
1.614067733647273073e+00
1.616909013211846879e+00
1.616717266099556349e+00
1.608128485526049145e+00
1.602802351956873039e+00
1.606230304052226332e+00
1.608311838242735936e+00
1.601793306486189783e+00
1.602224810525034071e+00
1.601961457284382551e+00
1.603642599933772006e+00
1.603911959633393058e+00
1.605336013897454173e+00
1.607998538636716601e+00
1.605701114619583869e+00
1.606470424837525890e+00
1.604985468231755252e+00
1.601956839954785661e+00
1.600737998443833465e+00
1.605411241258080102e+00
1.601587484181478782e+00
1.595987159751096396e+00
1.601784760899142013e+00
1.598293813238031991e+00
1.598173873083173602e+00
1.597772841837717506e+00
1.597094562294980369e+00
1.598571708268445857e+00
1.597667423535928721e+00
1.602581917486726626e+00
1.604146260389633483e+00
1.616832186859259224e+00
1.618424366523091296e+00
1.615067581640500016e+00
1.616012273708467450e+00
1.614974542361883092e+00
1.619848366816507346e+00
1.622589886746104382e+00
1.616140480909482369e+00
1.620328300857104997e+00
1.623659224295873171e+00
1.629662668714311868e+00
1.629506594734804414e+00
1.627325334286083391e+00
1.630103581427003956e+00
1.625100585191814551e+00
1.624883609234325732e+00
1.621807142705069094e+00
1.621055992338469975e+00
1.627558399237938991e+00
1.625448160321413926e+00
1.625604246202230208e+00
1.620764684476295514e+00
1.621013493451318732e+00
1.626288016133779157e+00
1.627490393328894447e+00
1.629382610418747879e+00
1.630326230946116839e+00
1.627360674420865738e+00
1.624830989950377891e+00
1.624332663442474400e+00
1.620995331276451124e+00
1.622303200454854322e+00
1.625052162777720577e+00
1.624099000075669874e+00
1.622628503332790517e+00
1.622849714818435762e+00
1.624124126994248574e+00
1.623480803001494888e+00
1.621619696974285985e+00
1.619876431265725225e+00
1.618187388826390904e+00
1.616324797856074191e+00
1.621333503058892678e+00
1.619099627245887518e+00
1.622474945588498363e+00
1.617428046867277258e+00
1.614733444385941574e+00
1.611587848628439401e+00
1.609850268405994544e+00
1.610151606674261382e+00
1.610178218133282213e+00
1.615689862729871251e+00
1.615609598730395557e+00
1.616006116720641650e+00
1.623898540769166843e+00
1.621750026228229835e+00
1.621157765582119881e+00
1.618988539585753728e+00
1.624496533696070166e+00
1.622846416973775296e+00
1.621188753200967225e+00
1.622961701097590526e+00
1.621535309959219573e+00
1.617571989341259453e+00
1.614190840891845280e+00
1.613903775628797277e+00
1.615812353103224908e+00
1.609153198694047049e+00
1.607527739671771538e+00
1.608039387511781992e+00
1.608545129075264590e+00
1.608195189301500072e+00
1.605331146604686898e+00
1.607528395222714845e+00
1.608319560344947385e+00
1.603784867035485950e+00
1.599317256479717786e+00
1.599450127992191106e+00
1.605264117587677619e+00
1.606186687134274260e+00
1.604285119392382386e+00
1.603313728923824399e+00
1.608003279282391729e+00
1.613441089028489817e+00
1.618400530938665760e+00
1.616996959717587723e+00
1.617247501386622544e+00
1.620174684218280481e+00
1.620841094598155063e+00
1.617526961653575679e+00
1.612150544603567104e+00
1.618107437160091422e+00
1.617453020780507789e+00
1.618554364447745142e+00
1.618386275076014513e+00
1.618778036828811162e+00
1.619260628815418324e+00
1.618190853008197427e+00
1.614936614671232507e+00
1.613108772880599506e+00
1.612887362533547808e+00
1.613947876078823729e+00
1.613616040784400907e+00
1.615900879763704889e+00
1.617655002011886056e+00
1.618189650695958992e+00
1.621093845690037893e+00
1.625064594693951925e+00
1.624626390136948206e+00
1.621086682522432376e+00
1.617972874317831655e+00
1.618703398189840881e+00
1.618275039533787707e+00
1.629315690672963113e+00
1.627796139865471226e+00
1.629998171261381801e+00
1.626115557242112875e+00
1.628369332066205821e+00
1.625715663275943745e+00
1.624665483932719034e+00
1.629236947000197500e+00
1.633226139388647802e+00
1.637637400057390114e+00
1.643267536264597872e+00
1.651563411177479956e+00
1.656762663696687454e+00
1.657356971258233003e+00
1.652961830574945168e+00
1.646166465101103871e+00
1.650125827009353507e+00
1.650065164392682471e+00
1.651477952149808637e+00
1.646860099085448059e+00
1.643771044900571798e+00
1.648938741516811968e+00
1.649405938926517434e+00
1.655368815549558503e+00
1.654764494996419977e+00
1.654166678714231953e+00
1.658282034074419764e+00
1.655278348270556865e+00
1.653543359213573094e+00
1.651473649440354130e+00
1.656549934816665681e+00
1.655979717525536410e+00
1.656249239855042799e+00
1.654689542556579962e+00
1.656181381633063943e+00
1.653262310579929339e+00
1.654694786753039937e+00
1.654755321623458508e+00
1.653279004897197257e+00
1.652873403933446950e+00
1.652623656707278288e+00
1.652607392780941487e+00
1.651162409969268108e+00
1.644612726960603011e+00
1.644216937587900551e+00
1.647593148466175661e+00
1.653652403254206149e+00
1.653394838199406802e+00
1.648828353674992586e+00
1.650342502150611512e+00
1.648121453417999760e+00
1.647051625117823548e+00
1.649587690685846431e+00
1.654645648489330156e+00
1.656818989251137131e+00
1.659942672994755730e+00
1.657328460719939889e+00
1.659426591382378247e+00
1.661824348695150722e+00
1.660152981006095319e+00
1.662138247886222775e+00
1.666519411333670764e+00
1.657660259761391863e+00
1.661146096735629074e+00
1.664394767740858150e+00
1.667695058190757473e+00
1.669558191295040572e+00
1.675184783389763510e+00
1.667253800416662379e+00
1.662808789220133754e+00
1.659744602671854086e+00
1.657948734128213975e+00
1.654452621218106545e+00
1.653920785172859009e+00
1.660224009647633281e+00
1.663662945221108691e+00
1.669244370945644818e+00
1.662935276938936724e+00
1.664857119322809442e+00
1.664062990489502791e+00
1.670221891916687351e+00
1.668204741662890012e+00
1.667919904977264389e+00
1.672295945708207165e+00
1.671697877252369624e+00
